lat lon id secret server farm org.scrt fmt
36.151182 139.921532 107280154 364b4eedc1 45 1 15 photo
36.151182 139.921532 12418544 94f13bd281 8 1 48 photo
36.151182 139.921532 12418590 13f192b30c 7 1 60 photo
36.151182 139.921532 12418613 d4f532f996 9 1 19 photo
36.151182 139.921532 12418626 105b5e17b8 10 1 20 photo
36.151182 139.921532 12418684 21e398345d 7 1 95 photo
36.151182 139.921532 12418718 08701de35e 11 1 56 photo
36.151182 139.921532 12418750 0779f7dc2a 9 1 70 photo
36.151182 139.921532 12418770 c9f6f4b44b 8 1 67 photo
36.11143 140.10383 2855489509 f98ed11f42 3099 4 22 photo
36.189214 139.712521 3434362202 a1e54a8817 3318 4 f7ce21b8b8 jpg
36.151182 139.921532 37049721 1fd1fa504d 22 1 13 photo
36.151182 139.921532 37049978 ab949884e4 27 1 12 photo
36.151182 139.921532 37050118 c3cb261c36 24 1 23 photo
36.151182 139.921532 37050189 eabc094882 32 1 17 photo
36.151182 139.921532 37050195 a622da6aee 30 1 14 photo
36.151182 139.921532 37050212 131e5622e7 31 1 18 photo
36.151182 139.921532 37050218 d80fbf3def 28 1 22 photo
36.151182 139.921532 37050228 0c806133c2 29 1 14 photo
36.151182 139.921532 37050232 10c203fecf 30 1 11 photo
36.151182 139.921532 37051892 73b6f0a7dc 26 1 24 photo
36.151182 139.921532 37051908 2b21d417f4 33 1 27 photo
36.151182 139.921532 37052739 e6c79ab696 31 1 13 photo
36.151182 139.921532 37052744 108f389be4 24 1 12 photo
36.151182 139.921532 37052767 e11eb256d7 23 1 17 photo
36.151182 139.921532 37052778 703c988b65 23 1 26 photo
36.151182 139.921532 37052788 a78ed2a3b4 29 1 11 photo
36.151182 139.921532 37053911 3b6c60c029 33 1 31 photo
36.151182 139.921532 37053918 2c0cc18ca1 21 1 30 photo
36.151182 139.921532 37053931 05510bd611 32 1 20 photo
36.151182 139.921532 37053937 59e003ba2a 26 1 10 photo
36.151182 139.921532 37053955 016d4b7b71 29 1 15 photo
36.151182 139.921532 37053969 b72c53bdee 24 1 18 photo
36.151182 139.921532 37053979 2b06f60e84 30 1 14 photo
36.151182 139.921532 37053990 720602bc58 27 1 25 photo
36.151182 139.921532 37054270 201cbc53da 27 1 15 photo
36.151182 139.921532 37054283 fe15a02660 21 1 11 photo
36.151182 139.921532 37056526 830284da8a 28 1 30 photo
36.151182 139.921532 37056539 d1df7ae1fd 27 1 13 photo
36.151182 139.921532 37056553 3c7ddd0034 31 1 14 photo
36.151182 139.921532 37056566 214851d14f 30 1 15 photo
36.151182 139.921532 37056577 3c8e5598a5 22 1 12 photo
36.151182 139.921532 37056619 4954c9adef 32 1 14 photo
36.295167 139.864 5820165817 bf5c2e6a38 2096 3 12659f9566 jpg
36.295166 139.864 5820728128 3b702a1ee1 2066 3 a69dfcc0fd jpg
36.123167 140.072 5830910979 1983bbcf61 5157 6 3469987d80 jpg
36.123333 140.0725 5831461500 ab26086a53 3634 4 ae95f0c812 jpg
36.287167 139.870333 5847554484 5479515eba 3513 4 4de3092e56 jpg
36.287 139.870333 5847561784 c2ed1ce3f7 5028 6 d286dbd775 jpg
36.124667 140.074 5855531282 3fbe9cc155 5320 6 71b1354d4e jpg
36.123667 140.073333 5856188664 415ed2e828 2550 3 32ba1b76f8 jpg
36.151182 139.921532 98740961 1b7e8a1d4f 32 1 12 photo
36.151182 139.921532 98741047 a1a1c9e6f2 28 1 17 photo
36.151182 139.921532 98741114 ff4e76447a 36 1 8 photo
36.151182 139.921532 98741189 a0a399125c 37 1 23 photo
36.151182 139.921532 98741278 848d34345d 21 1 7 photo
36.151182 139.921532 98741350 3237560d34 26 1 14 photo
36.151182 139.921532 98800001 9714704719 43 1 15 photo
36.151182 139.921532 98800075 7e625bf48d 32 1 12 photo
36.151182 139.921532 98800235 537ece4b30 29 1 9 photo
36.151182 139.921532 98800337 cda5762b44 25 1 22 photo
36.151182 139.921532 98800461 1b76541452 24 1 24 photo
36.151182 139.921532 98800564 cd2d1d73d7 26 1 16 photo
36.151182 139.921532 98800657 876757e4cb 27 1 15 photo
36.151182 139.921532 99278420 ff51b3fdd5 19 1 9 photo
36.151182 139.921532 99278497 3652247677 32 1 12 photo
36.151182 139.921532 99278537 5542212634 39 1 14 photo
36.151182 139.921532 99278634 b183695147 31 1 10 photo
36.151182 139.921532 99278703 00e2f151c2 31 1 18 photo
36.151182 139.921532 99278743 c102d02afc 33 1 10 photo
36.151182 139.921532 99278778 6dbdc02100 43 1 10 photo
36.151182 139.921532 99278845 fda56ad469 26 1 28 photo
36.151182 139.921532 99278913 b2be0ecfab 24 1 8 photo
36.151182 139.921532 99663544 e0e32b3cdb 30 1 31 photo
36.151182 139.921532 99663573 731056c1ae 26 1 8 photo
36.151182 139.921532 99663608 7c1fce3236 37 1 17 photo
36.151182 139.921532 99663664 5f177e669e 37 1 15 photo
36.151182 139.921532 99663700 e06f3a03b7 21 1 12 photo
36.151182 139.921532 99663724 1d7b88430a 28 1 9 photo
36.151182 139.921532 99663754 dc3372ecfc 32 1 8 photo
36.151182 139.921532 99667021 de4e88f588 38 1 15 photo
36.151182 139.921532 99667042 65a22af8ce 35 1 10 photo
36.151182 139.921532 99667066 566368703f 28 1 11 photo
36.151182 139.921532 99667112 c6ba279c96 26 1 7 photo
36.151182 139.921532 99678684 2a525ba4ca 30 1 10 photo
36.151182 139.921532 99678799 abb494aa2a 39 1 6 photo
36.151182 139.921532 99678830 576fe2653f 43 1 13 photo
36.151182 139.921532 99678858 c07531c998 35 1 4 photo
36.151182 139.921532 99685458 6380db6e8c 36 1 10 photo
36.151182 139.921532 99685489 67e571717e 27 1 10 photo
36.151182 139.921532 99685559 64e786dce7 39 1 12 photo
36.151182 139.921532 99685614 8082ca3a84 34 1 20 photo
36.151182 139.921532 99685657 95501eebef 40 1 15 photo
36.151182 139.921532 99685704 68bafcd169 38 1 16 photo
36.151182 139.921532 99702325 51188ddd01 38 1 11 photo
36.151182 139.921532 99702373 573480d1c0 26 1 14 photo
36.151182 139.921532 99702419 981dfea6c0 29 1 20 photo
36.151182 139.921532 99702481 b71bd8febf 26 1 20 photo
36.151182 139.921532 99702531 e90e32d11a 26 1 23 photo
36.151182 139.921532 99702668 4376756ba4 25 1 22 photo
