lat lon id secret server farm org.scrt fmt
40.608512 139.864798 106402183 74dc0433f4 45 1 6 photo
40.608512 139.864798 106402286 fb6e79917a 25 1 10 photo
40.608512 139.864798 106402361 7a81fa46d2 36 1 9 photo
40.608512 139.864798 106402520 bfb0d824ec 40 1 8 photo
40.608512 139.864798 106402628 a0f882b3ab 45 1 7 photo
40.608512 139.864798 106402711 817a78ef7a 53 1 7 photo
40.608512 139.864798 107275330 51e4ebd583 55 1 16 photo
40.608512 139.864798 107275378 08c25ab5fd 26 1 14 photo
40.608512 139.864798 107275408 40a421ca93 45 1 6 photo
40.636395 139.8981 107644699 a5f7febfb8 37 1 14 photo
40.614457 139.861751 107687922 cc99eb5da1 40 1 15 photo
40.608512 139.864798 107687954 2c13a25168 47 1 7 photo
40.608512 139.864798 107687985 fb5d86e069 37 1 10 photo
40.608512 139.864798 107688013 30f2646e7a 53 1 11 photo
40.608512 139.864798 107688074 0adef1fd34 53 1 21 photo
40.608512 139.864798 107688094 8965264427 54 1 11 photo
40.608512 139.864798 107701662 484f7cfc9d 45 1 6 photo
40.608512 139.864798 107701704 66fce695cc 38 1 9 photo
40.608512 139.864798 107701764 d5cbcd2a50 41 1 8 photo
40.608512 139.864798 107701830 304897121b 41 1 13 photo
40.608512 139.864798 107701887 30bd724d6e 42 1 12 photo
40.608512 139.864798 107701909 bf3ee4e72f 40 1 5 photo
40.608512 139.864798 107701951 f32dd21f56 41 1 5 photo
40.608512 139.864798 107701989 f610020441 51 1 5 photo
40.608512 139.864798 107976050 9cef2e80a1 48 1 8 photo
40.608512 139.864798 107976073 cf8defe31d 56 1 9 photo
40.608512 139.864798 107976091 0333de1276 46 1 13 photo
40.625158 139.881234 107976127 154b0988ab 38 1 21 photo
40.729042 139.980085 1158944025 74dabcf225 1314 2 af29c3e01b jpg
40.660717 139.92362 1158964107 49595a4348 1120 2 35c1f411ce jpg
40.671719 139.924751 1158970441 9f11871dcf 1123 2 7995f3f218 jpg
40.596825 139.858262 1159792770 8ab486bfe1 1271 2 a658dbfb96 jpg
40.654514 139.925069 1159794286 04108117dd 1395 2 c75c11eb71 jpg
40.596825 139.858262 1159799642 7d5be2156e 1202 2 4362fa559d jpg
40.645108 139.886626 1159804002 0c1305fd4e 1201 2 14ff295ee6 jpg
40.76793 140.049925 1159805370 a56c4bb3d3 1084 2 55974250bf jpg
40.649083 139.897829 1159807426 8622891437 1399 2 2ec9cb3587 jpg
40.77986 140.048616 1159812832 c3c32c670a 1242 2 f60da0c3a4 jpg
40.66771 139.922482 1159820486 1abc3a628a 1120 2 aed07cfb75 jpg
40.660887 139.927182 1159827484 834618a9d6 1249 2 794d8c10d2 jpg
40.670344 139.975469 1159835970 3d45f8ef30 1429 2 8538a7ea9e jpg
40.98985 140.084616 11871414 9f306c0294 7 1 9f306c0294 jpg
40.636264 139.898143 121003617 7dcab0f017 40 1 21 photo
40.653018 139.929568 121003646 e9b435fc48 48 1 15 photo
40.653018 139.929568 121003688 169a83fc30 41 1 13 photo
40.653018 139.929568 121003739 90acf93f13 50 1 7 photo
40.653018 139.929568 121003791 c2f69b67de 36 1 12 photo
40.637274 139.899087 121057037 b1bfd4a853 37 1 17 photo
40.767966 140.055033 2466338300 83a17b6124 2048 3 354cf14c2d jpg
40.58775 139.912583 2489268691 dedc6608c6 2160 3 0e5accfe4c jpg
40.743716 140.006583 2489271997 83071314b3 2353 3 c794db8eb9 jpg
40.6173 139.8695 2490085520 2b8679d915 2169 3 bf7212720b jpg
40.6557 139.938066 2490086620 4e2f3442e6 2044 3 42b63cedd7 jpg
40.988 140.0834 278073298 2967f9deff 97 1 2967f9deff jpg
40.653877 139.934342 3142857292 e1eca55114 3203 4 414d8a9dcf jpg
40.682534 139.964683 3142874916 684ef10bb6 3086 4 f3dbe2c05c jpg
40.77528 140.220611 3143021258 48c3f52680 3216 4 e03bc06666 jpg
40.564025 139.934063 37037531 5ba59d1b2e 22 1 16 photo
40.592985 139.871085 37037553 1c4ff51ac6 25 1 20 photo
40.598965 139.865527 37037617 668ea700da 25 1 19 photo
40.608512 139.864798 37037681 969592efd5 27 1 20 photo
40.608512 139.864798 37037698 547fc53d0b 28 1 12 photo
40.608512 139.864798 37037710 00577caafd 22 1 15 photo
40.608512 139.864798 37037725 ab4fd7e8f4 29 1 76 photo
40.6116 139.8653 37038618 0cf2be4980 31 1 128 photo
40.614457 139.861751 37038630 58be2573a6 33 1 9 photo
40.565366 139.979305 4071275799 12d527d742 2644 3 2d26a17a22 jpg
40.565163 139.97923 4071317155 94ba23eb68 2730 3 678ddd051d jpg
40.564953 139.979213 4071317453 f3bb0799d2 2493 3 92f9d77733 jpg
40.564971 139.979221 4071317765 910ea78083 2730 3 915fa4b650 jpg
40.5651 139.97913 4071319687 87554b0d52 2500 3 92721ecdcc jpg
40.564078 139.982271 4072034214 35bce81152 2510 3 b6b1729f0d jpg
40.565 139.979161 4072035312 a66dbcc698 2639 3 2da6f8ed71 jpg
40.564536 139.979311 4072036500 3ef6cbf509 2640 3 1f322fe258 jpg
40.564971 139.979221 4072037292 c171012df2 2562 3 31085f0581 jpg
40.565703 139.978783 4072039862 3478b1bb0c 2445 3 003a821980 jpg
41 140 4598704117 292d4c46a0 4014 5 182 photo
41 140 4598704249 11d2628741 1242 2 109 photo
41 140 4598704299 a45a306df5 3368 4 152 photo
41 140 4599323214 fac043074d 4046 5 191 photo
41 140 4599323456 f6a1d57bd5 1156 2 137 photo
41 140 4599323564 66e068e2b6 3521 4 180 photo
40.608512 139.864798 71517400 a38603eb23 35 1 68 photo
40.609261 139.865742 71520549 f50e3d89bd 34 1 34 photo
40.584757 139.882307 71520960 4bd1ceeb03 35 1 13 photo
40.608512 139.864798 76497742 35e6c8a171 38 1 7 photo
40.608512 139.864798 76497763 3039cffc7c 39 1 4 photo
40.608512 139.864798 76497782 568ce82c9a 9 1 10 photo
40.608512 139.864798 76497796 510811c5d7 36 1 8 photo
40.608512 139.864798 76497810 088fe15c2b 38 1 8 photo
40.608512 139.864798 76504534 8a953c9c64 39 1 17 photo
40.608512 139.864798 77510435 052bf7f090 41 1 16 photo
40.608512 139.864798 77510462 452a851ce0 40 1 24 photo
40.634538 139.89604 77516973 c1f17bce65 36 1 16 photo
40.625158 139.881234 77517058 2f3e68c496 9 1 13 photo
40.608512 139.864798 96364599 f191be9a66 31 1 3 photo
40.614474 139.861622 98736399 b43bb8ead9 14 1 39 photo
40.59688 139.873638 99271689 2be93b3b68 28 1 19 photo
40.608512 139.864798 99277036 2ed20c1b54 33 1 7 photo
40.608512 139.864798 99277177 da3a136f80 29 1 14 photo
