lat lon id secret server farm org.scrt fmt
40.98985 140.084616 11871414 9f306c0294 7 1 9f306c0294 jpg
40.988 140.0834 278073298 2967f9deff 97 1 2967f9deff jpg
41.1796 140.217433 278073394 fc457d3d7b 118 1 fc457d3d7b jpg
41 140 4598703085 b5fac081bd 1116 2 121 photo
41 140 4598703151 9300a01d90 4060 5 133 photo
41 140 4598703345 1388293148 1268 2 128 photo
41 140 4598703545 e87ea1387c 4015 5 157 photo
41 140 4598703599 d2c5e02f46 1265 2 139 photo
41 140 4598703645 9c702b8bcb 3325 4 197 photo
41 140 4598703707 e29ed5636f 4015 5 126 photo
41 140 4598704117 292d4c46a0 4014 5 182 photo
41 140 4598704249 11d2628741 1242 2 109 photo
41 140 4598704299 a45a306df5 3368 4 152 photo
41 140 4599322264 1bb1c5f2d2 1113 2 141 photo
41 140 4599322312 ff455724e7 3350 4 133 photo
41 140 4599322914 560ce0ba90 4049 5 108 photo
41 140 4599323002 3e998bd131 1345 2 137 photo
41 140 4599323214 fac043074d 4046 5 191 photo
41 140 4599323456 f6a1d57bd5 1156 2 137 photo
41 140 4599323564 66e068e2b6 3521 4 180 photo
41.398333 140.196667 5077611136 001a7a20df 4029 5 3285f4bd6d jpg
41.12165 140.264167 5594017318 2bba103471 5145 6 6745dc4544 jpg
