lat lon id secret server farm org.scrt fmt
35.082832 139.715881 100415980 60afc1c804 42 1 33 photo
35.082832 139.715881 100415997 c8da462a64 34 1 32 photo
35.082832 139.715881 100416032 6607e47fa7 38 1 23 photo
35.082832 139.715881 100506452 ca93b25302 32 1 10 photo
35.082832 139.715881 100506562 d95c0c04e1 31 1 29 photo
35.082832 139.715881 100506588 6fed341894 37 1 12 photo
34.903953 139.597778 107752368 cebb5699ee 54 1 15 photo
35.114773 140.119011 115834656 abf54349b0 55 1 23 photo
35.114773 140.119011 115834657 a15003bfa5 40 1 54 photo
35.114773 140.119011 115834658 c78c37d5a8 50 1 48 photo
35.114773 140.119011 115838149 c4955b84e6 43 1 28 photo
35.114773 140.119011 115838152 ff2271e600 44 1 20 photo
35.114773 140.119011 115838168 a5d76d3adb 50 1 35 photo
35.114773 140.119011 115838170 c23a6184e8 46 1 39 photo
35.114773 140.119011 115838187 cb4929b783 45 1 68 photo
35.0918 139.8559 12428395 e24c41dbcc 8 1 e24c41dbcc jpg
35.039093 139.820751 139133875 78cb8585b5 53 1 78cb8585b5 jpg
35.115648 139.984279 150395591 53cec5ace7 55 1 53cec5ace7 jpg
35.208034 139.687048 150436662 398d6a4f6d 46 1 398d6a4f6d jpg
35.053 139.835296 165633366 b30581c810 50 1 b30581c810 jpg
35.034435 140.007216 165633371 f7f6bc5378 66 1 f7f6bc5378 jpg
35.107005 140.103 165633372 b81b192726 33 1 b81b192726 jpg
35.135464 139.966302 189928689 f749bde451 73 1 113 photo
35.170237 139.818158 210168652 1111fbbce2 81 1 1111fbbce2 jpg
35.170237 139.818158 210171809 3c475ba7a3 72 1 3c475ba7a3 jpg
35.170237 139.818158 210171812 96f8e3f289 65 1 96f8e3f289 jpg
35.170237 139.818158 210171813 60e63202cb 85 1 60e63202cb jpg
35.170237 139.818158 210179470 df4f7d48ea 78 1 df4f7d48ea jpg
35.170237 139.818158 210179471 52e2339356 73 1 52e2339356 jpg
35.170237 139.818158 210179473 4906c393ca 88 1 4906c393ca jpg
35.09409 139.840511 25716427 28cf170cd4 22 1 28cf170cd4 jpg
35.094568 139.841439 25716430 94e06b7924 22 1 94e06b7924 jpg
35.094568 139.841439 25716452 1614a4fce1 21 1 1614a4fce1 jpg
35.094568 139.841439 25716459 a5f8d283a3 22 1 a5f8d283a3 jpg
35.09409 139.840511 25716465 09c9df8fb0 21 1 09c9df8fb0 jpg
35.094568 139.841439 25716467 138d553219 23 1 138d553219 jpg
35.094568 139.841439 25716472 666c4afc37 21 1 666c4afc37 jpg
35.094568 139.841439 25716475 e365e57dcf 22 1 e365e57dcf jpg
35.094568 139.841439 25716477 711ac291dc 21 1 711ac291dc jpg
35.094568 139.841439 25716482 c0969d50e4 22 1 c0969d50e4 jpg
35.094568 139.841439 25716493 d3736c3864 23 1 d3736c3864 jpg
35.094568 139.841439 25716500 eadcd3ec16 23 1 eadcd3ec16 jpg
35.094568 139.841439 25716505 4c4cbad9f1 22 1 4c4cbad9f1 jpg
35.094568 139.841439 25716513 93f89c46db 21 1 93f89c46db jpg
35.200885 139.617605 2883822143 1f3a47eb33 3009 4 82 photo
35.19324 139.606061 2884639462 c84f9c00a6 3029 4 31 photo
35.194503 139.604967 2884641030 4c408d5300 3285 4 20 photo
35.191136 139.609709 2884642576 0f3358f413 3047 4 22 photo
35.191486 139.610481 2884741373 f4b4486c14 3009 4 79 photo
35.1376 139.6197 29205971 ed364a0937 22 1 ed364a0937 jpg
35.165507 139.823167 3011470691 165208cfda 3194 4 33 photo
35.164775 139.822955 3011475341 ca58ab718c 3066 4 53 photo
35.15971 139.834081 3011479457 d83647c177 3239 4 65 photo
35.159828 139.834751 3011481383 67b9d15fd0 3143 4 50 photo
35.159837 139.834727 3011484799 8aa54474b0 3007 4 64 photo
35.159973 139.834805 3011489533 2e35f52778 3014 4 48 photo
35.159775 139.83399 3011492895 075e88566b 3033 4 46 photo
35.163284 139.829167 3011494827 daa555bfc9 3029 4 112 photo
35.16552 139.822633 3012307896 4fda254147 3186 4 75 photo
35.164604 139.822596 3012309394 e7e21523ae 3271 4 81 photo
35.15971 139.834009 3012312452 0a1d92cf08 3167 4 91 photo
35.159696 139.834041 3012313090 047bb8d2a6 3066 4 87 photo
35.159736 139.834108 3012314194 fee14c3ded 3173 4 102 photo
35.159767 139.834703 3012319138 1155eb6c1c 3135 4 62 photo
35.159898 139.834848 3012322342 1a0572563c 3150 4 46 photo
35.159797 139.834666 3012326890 ec7283dc93 3233 4 46 photo
35.159723 139.834829 3014854129 a0305d5bd1 3048 4 103 photo
35.159499 139.83366 3014857731 a4b6b3df28 3240 4 80 photo
35.158705 139.830776 3014866509 1a5ee16d0b 3205 4 84 photo
35.159495 139.833657 3014867623 d6dea39337 3187 4 100 photo
35.159723 139.834784 3015687872 c9675f5de3 3271 4 53 photo
35.159315 139.833437 3015738008 a29df03c54 3004 4 88 photo
35.159034 139.832662 3017716509 dc4eeacf62 3224 4 26 photo
35.158767 139.832056 3017723115 9d7a4a1bec 3154 4 39 photo
35.158534 139.831718 3017729841 3e07799054 3166 4 32 photo
35.157622 139.834293 3017747117 f23ba5cfbc 3157 4 21 photo
35.157626 139.834583 3017761447 3a75a91244 3142 4 23 photo
35.15596 139.832313 3017788947 2859f49813 3174 4 256 photo
35.155947 139.832348 3017794213 757a900546 3161 4 63 photo
35.14653 139.829993 3017869423 064615f56f 3048 4 33 photo
35.145986 139.83002 3017910465 df1a09b8c0 3017 4 25 photo
35.159043 139.832737 3018538930 1b83aef26a 3250 4 34 photo
35.158907 139.832544 3018551492 d11c0522be 3065 4 28 photo
35.15867 139.831836 3018559266 9bb913c577 3136 4 32 photo
35.157596 139.834271 3018589452 5a09fee34a 3221 4 31 photo
35.147644 139.830696 3018683782 551d8b408b 3192 4 32 photo
35.146854 139.830479 3018689250 5a00b42ec1 3017 4 19 photo
35.115907 140.120423 34146059 aee871234a 23 1 aee871234a jpg
35.204883 139.681259 370877557 346acd205e 139 1 346acd205e jpg
35.114892 140.119401 38437584 4bdbec3c17 22 1 4bdbec3c17 jpg
35.114895 140.119267 38437585 b8245af191 24 1 b8245af191 jpg
35.114936 140.119294 38437586 76389a2891 28 1 76389a2891 jpg
35.143774 139.615287 3927536031 5edbe335de 2642 3 701cce5c3f jpg
35.037604 139.817001 414684008 4613567374 133 1 100 photo
35.13723 139.611061 49522879 08e3664549 32 1 08e3664549 jpg
35.15573 139.614452 49523294 39e00bfb51 27 1 39e00bfb51 jpg
35.114891 139.827244 7525095016 569a5747ee 8163 9 b226f752ac jpg
35.114891 139.827244 7525096832 e85092c3cc 8011 9 46c43176c2 jpg
35.009541 139.859476 7548561222 f00cd64b58 7135 8 67674db4f9 jpg
34.952514 140.242547 99874191 0f3002d0f2 43 1 e796a7bf4c jpg
