lat lon id secret server farm org.scrt fmt
37.420515 -121.355173 104303279 073e3c970b 42 1 233 photo
37.420515 -121.355173 104303717 2eaa8b6beb 39 1 71 photo
37.420515 -121.355173 104304061 7ee2b43d33 43 1 174 photo
37.67546 -121.038078 10869990 54a5939443 6 1 111 photo
37.67546 -121.038078 10870014 e100af9803 5 1 81 photo
37.685858 -121.045271 1119786996 4f1df33ce8 1158 2 359 photo
37.685858 -121.045271 1119789416 a0fabae224 1092 2 370 photo
37.685858 -121.045271 1119795290 2332845579 1134 2 691 photo
37.341639 -121.642684 202516322 0c6e931bcd 67 1 10 photo
37.341639 -121.642684 202516359 b04c33462a 74 1 8 photo
37.341639 -121.642684 202516422 6dc7046e12 62 1 5 photo
37.341639 -121.642684 202516453 5df1092c11 76 1 7 photo
37.341639 -121.642684 202516486 179c618ed4 59 1 5 photo
37.341639 -121.642684 202516544 f0f6ed8d76 76 1 8 photo
37.341639 -121.642684 202516624 907f1838cc 60 1 19 photo
37.341639 -121.642684 202516647 979ac55d0a 73 1 8 photo
37.341639 -121.642684 202516690 a5b23fb748 76 1 9 photo
37.341639 -121.642684 202516746 c7a13be121 64 1 7 photo
37.341639 -121.642684 202516777 e8f2497c32 76 1 16 photo
37.341639 -121.642684 202516811 905cb0af56 76 1 10 photo
37.341639 -121.642684 202516872 6331bbe3e9 75 1 24 photo
37.341639 -121.642684 203284734 7a4ac35290 58 1 9 photo
37.341639 -121.642684 203285022 ea52068a31 71 1 3 photo
37.341639 -121.642684 203285301 b21c183d91 65 1 14 photo
37.341639 -121.642684 203285526 6932ba1502 58 1 10 photo
37.341639 -121.642684 203285778 838f660f9a 57 1 9 photo
37.341016 -121.643017 22839410 f04a5802b2 18 1 6 photo
37.341016 -121.643017 22839485 bd4e5e7ad5 19 1 5 photo
37.341016 -121.643017 22839631 ea108e5c60 15 1 7 photo
37.547324 -121.196558 2297827931 b88fd61376 3232 4 282 photo
37.577397 -121.694033 2351007775 d63b403d80 2409 3 b9e3c66fb0 jpg
37.343114 -121.637127 2406437189 20a784ca61 2229 3 4 photo
37.343114 -121.637127 2406437349 635e95a75e 2378 3 2394ed6d4f jpg
37.343507 -121.635614 2406437637 79d1c86034 3111 4 71 photo
37.345353 -121.632513 2406438319 238b1270aa 3032 4 8 photo
37.345353 -121.632513 2406438493 8d7af15319 2068 3 eb323e53e0 jpg
37.343507 -121.635614 2406438975 1eaa955f64 3210 4 f8af01f80b jpg
37.343507 -121.635614 2406439327 8a7605812a 3022 4 4 photo
37.343114 -121.637127 2406439625 f49b7da358 3142 4 ea970b2143 jpg
37.343114 -121.637127 2406439767 edb72dc0ff 3109 4 4 photo
37.343114 -121.637127 2406439979 13bb31fa3c 3110 4 4 photo
37.343114 -121.637127 2406440207 404f8f7034 2110 3 515fff0c4c jpg
37.343114 -121.637127 2406440401 23e6439cfb 3104 4 2d4c85b904 jpg
37.343114 -121.637127 2407267526 a0dbdb6509 2171 3 5 photo
37.343114 -121.637127 2407267650 6f67102247 2073 3 8c1e47f32b jpg
37.343507 -121.635614 2407268598 bcb7aecbae 2334 3 11 photo
37.343114 -121.637127 2407268780 5d74c928bf 2307 3 6 photo
37.345353 -121.632513 2407269290 60880ac2ba 2335 3 21 photo
37.343507 -121.635614 2407269430 3b77f142e0 3265 4 5 photo
37.343507 -121.635614 2407269672 ca4c5c8bb2 2058 3 13 photo
37.343507 -121.635614 2407269790 8f455223c2 3267 4 1238e89db5 jpg
37.343114 -121.637127 2407270078 cb6f720561 2239 3 8a777b5aff jpg
37.343114 -121.637127 2407270426 08acaf65a4 2078 3 8df3490644 jpg
37.343114 -121.637127 2407270860 9c77083eac 2203 3 4437f17d4c jpg
37.34116 -121.64294 24769089 4ca80a33a4 21 1 195 photo
37.34285 -121.637288 2623119797 129745dbbe 3211 4 accceaab7e jpg
37.34285 -121.637288 2623120277 2e89444616 3087 4 fe252f5eb5 jpg
37.34285 -121.637288 2623123057 885e055c86 3283 4 d0ee9e6d4c jpg
37.34285 -121.637288 2623942318 b7d6cfca19 3067 4 6f5f062496 jpg
37.583761 -121.699188 2778841819 62f315efe0 3294 4 b8310d815a jpg
37.583761 -121.699188 2778841893 17a30c70ed 3271 4 80f72d119e jpg
37.583761 -121.699188 2778842193 320116e2f3 3010 4 9654303f49 jpg
37.583761 -121.699188 2779697702 cfa1ca9247 3011 4 c6fc7a7229 jpg
37.341634 -121.643038 3020480399 2aef29b76d 3217 4 25 photo
37.336316 -121.444244 302084306 6ec0f0d27d 114 1 6ec0f0d27d jpg
37.341664 -121.642566 3021846009 1bed620177 3240 4 35 photo
37.341323 -121.642856 3021846585 e23ece1085 3231 4 9 photo
37.341323 -121.642856 3022676544 f5bb6917ef 3030 4 30 photo
37.341323 -121.642856 3022677128 ec6a99322d 3246 4 8 photo
37.341391 -121.642931 31580199 b92a453e23 21 1 230 photo
37.341391 -121.642931 31580201 676d3327e2 23 1 127 photo
37.672764 -121.198275 3362404734 f4733f9965 3646 4 60efa08656 jpg
37.583761 -121.699188 3403111932 beea03c263 3556 4 bcb8070705 jpg
37.354466 -121.559715 3429300176 68d40869d6 3579 4 5e78ae1cef jpg
37.435991 -121.512576 3430471473 378811c270 3411 4 8b6604a3ab jpg
37.341238 -121.642792 3599222436 5319503d2e 3350 4 ec3e00682a jpg
37.341643 -121.642985 370158708 9a7b4a7d2c 126 1 52 photo
37.341643 -121.642985 370158987 66851aa7b2 168 1 12 photo
37.341643 -121.642985 370159237 823058ee05 128 1 7 photo
37.341643 -121.642985 370159502 d2a5101dc3 180 1 10 photo
37.341643 -121.642985 370160217 47c5e0ef2f 128 1 4 photo
37.341643 -121.642985 370160512 71748cf676 121 1 9 photo
37.341643 -121.642985 370160852 25e1d474cc 169 1 8 photo
37.341067 -121.643006 383950659 6f73243201 171 1 128 photo
37.342056 -121.640233 391284962 f0855fe676 126 1 f0855fe676 jpg
37.341904 -121.641075 3931894975 066f821f80 2566 3 425803f8aa jpg
37.339317 -121.654358 3932676478 d077863d94 3462 4 100cf80714 jpg
37.686681 -121.623684 435791199 0f98eae9c6 156 1 6b6e01742e jpg
37.342166 -121.642333 454840631 255641ce24 245 1 f540ebc073 jpg
37.671699 -121.035812 4607640506 6a9ec52bb8 4060 5 274 photo
37.339317 -121.654358 4672294556 2cb7bb9a48 1296 2 e977bf5e39 jpg
37.669478 -121.453182 47287023 0a5071f208 25 1 0a5071f208 jpg
37.34047 -121.64361 5327008489 b7c8964a62 5209 6 72 photo
37.4866 -121.209103 5550649531 9117685e1c 5147 6 bb49ec19b6 jpg
37.315072 -121.535321 566269174 f3a0753277 1233 2 e072ea76e9 jpg
37.313903 -121.535396 566285124 2bd23bb0a2 1270 2 68e1e2d441 jpg
37.671699 -121.034957 5794472758 13e802d30d 2202 3 424 photo
37.335087 -121.666824 61185513 2f38cd6d3b 27 1 113 photo
37.335087 -121.666824 61185542 e248a971aa 32 1 192 photo
37.581121 -121.323856 79756726 8272005862 39 1 8272005862 jpg
