lat lon id secret server farm org.scrt fmt
37.660008 -85.945014 1400155124 76b4e19bd6 1112 2 25 photo
37.69428 -85.859801 1872855111 e9796317ac 2195 3 1034 photo
37.69428 -85.859801 1872855841 b1324813ea 2173 3 398 photo
37.69428 -85.859801 1873678980 35a8cb2647 2244 3 864 photo
37.481128 -86.301341 2092719005 4116901c9f 2108 3 4e0a890c4c jpg
37.481128 -86.301341 2092719081 803f3ba3ae 2135 3 79109bd283 jpg
37.481128 -86.301341 2093497254 6463dc5fb4 2055 3 4515ecfed2 jpg
37.480209 -86.29383 2220132694 ed32f73002 2226 3 f56d0b2b52 jpg
37.635866 -86.437211 2651239049 6fed058418 3177 4 10 photo
37.635866 -86.437211 2651240893 779b177457 3031 4 12 photo
37.635866 -86.437211 2651241187 11e128eb32 3213 4 13 photo
37.635866 -86.437211 2651247653 e7f0366d4c 3201 4 8 photo
37.635866 -86.437211 2651251095 6cfa26515d 3044 4 10 photo
37.635866 -86.437211 2651252627 e6994f8173 3004 4 6 photo
37.635866 -86.437211 2651254383 3177dd7249 3293 4 8 photo
37.635866 -86.437211 2651257171 0816955d53 3066 4 5 photo
37.635866 -86.437211 2651258471 3b6a529dab 3251 4 6 photo
37.635866 -86.437211 2651259773 7deeee7261 3002 4 7 photo
37.635866 -86.437211 2651260561 e55f84e7eb 3177 4 6 photo
37.635866 -86.437211 2651261583 ece5b1bab9 3009 4 9 photo
37.635866 -86.437211 2651262463 fea4d48e23 3040 4 6 photo
37.635866 -86.437211 2651265629 9aa6fdae38 3124 4 8 photo
37.635866 -86.437211 2651266613 2b94cfab86 3172 4 5 photo
37.635866 -86.437211 2651268367 c45163a334 3151 4 4 photo
37.635866 -86.437211 2651275277 645d89e5d8 3074 4 6 photo
37.635866 -86.437211 2651275565 d885869355 3233 4 8 photo
37.635866 -86.437211 2651277527 3f237ea386 3064 4 4 photo
37.635866 -86.437211 2651279869 c06b3de6d1 3120 4 5 photo
37.635866 -86.437211 2651282467 17f82c2935 3198 4 6 photo
37.635866 -86.437211 2651283861 41c6072bd3 3005 4 38 photo
37.635866 -86.437211 2651286317 723e364f60 3247 4 34 photo
37.635866 -86.437211 2652058892 8f85752f17 2334 3 10 photo
37.635866 -86.437211 2652060576 108d81bdbe 3081 4 20 photo
37.635866 -86.437211 2652068490 7a589b71e3 3047 4 9 photo
37.635866 -86.437211 2652070054 f354310153 3213 4 10 photo
37.635866 -86.437211 2652071610 d1464081ff 3125 4 7 photo
37.635866 -86.437211 2652089086 7c34db0f8c 3289 4 4 photo
37.635866 -86.437211 2652089918 8ecca7541c 3253 4 4 photo
37.635866 -86.437211 2652090806 07fd50c8cc 3213 4 6 photo
37.635866 -86.437211 2652093084 31cee24b0b 3188 4 5 photo
37.635866 -86.437211 2652093746 6da724d0d8 3278 4 4 photo
37.635866 -86.437211 2652095652 15152a3702 3123 4 6 photo
37.635866 -86.437211 2652096594 0b2de5cfc5 3268 4 5 photo
37.635866 -86.437211 2652097602 7c858c6f46 3025 4 5 photo
37.635866 -86.437211 2652098404 b50fc1a151 3137 4 5 photo
37.635866 -86.437211 2652099204 528fb0fcd8 3202 4 4 photo
37.635866 -86.437211 2652100344 37b1f4f790 3189 4 3 photo
37.635866 -86.437211 2652101134 3f59f6e30e 3015 4 5 photo
37.635866 -86.437211 2652101900 3c5c0d28eb 3257 4 7 photo
37.635866 -86.437211 2652102170 fcdf4f6fbc 3004 4 10 photo
37.635866 -86.437211 2652102426 674b4d1b2e 3161 4 6 photo
37.635866 -86.437211 2652102690 f2c4d94c2e 3178 4 6 photo
37.635866 -86.437211 2652102936 494f995085 3158 4 5 photo
37.635657 -86.437779 2654952071 039b2cf843 3039 4 3 photo
37.635657 -86.437779 2654957589 bdceb79f7b 3133 4 20 photo
37.635657 -86.437779 2654959343 54087f87d2 3155 4 11 photo
37.635657 -86.437779 2654965293 e6f95aaa60 3139 4 6 photo
37.635657 -86.437779 2654966311 87b663c2d8 3134 4 10 photo
37.635657 -86.437779 2654971347 c9605f91ce 3083 4 3 photo
37.635657 -86.437779 2654972549 9021688153 3107 4 4 photo
37.635657 -86.437779 2654974189 b1ebf7b721 3276 4 7 photo
37.635657 -86.437779 2654976171 d379130510 3210 4 11 photo
37.635657 -86.437779 2654978379 b52555c1dd 3129 4 24 photo
37.635657 -86.437779 2655778890 d8ecefc4e0 3126 4 2 photo
37.635657 -86.437779 2655779814 4a4312e5a4 3088 4 3 photo
37.635657 -86.437779 2655781086 187e082864 3243 4 2 photo
37.635657 -86.437779 2655782340 c466227dfe 3016 4 4 photo
37.635657 -86.437779 2655784466 5eb1254cb5 3076 4 4 photo
37.635657 -86.437779 2655790182 959b0c77d4 3118 4 6 photo
37.635657 -86.437779 2655794800 59bcea84a1 3140 4 11 photo
37.635657 -86.437779 2655795780 6be00917e5 3060 4 11 photo
37.635657 -86.437779 2655799410 c9a19b2330 3104 4 3 photo
37.635657 -86.437779 2655800782 80858a6abf 3213 4 13 photo
37.635657 -86.437779 2655803196 58a8e85611 3073 4 12 photo
37.635657 -86.437779 2655805182 d7f4cf2582 3067 4 14 photo
37.635657 -86.437779 2656208095 9b07cfb35b 3240 4 17 photo
37.635657 -86.437779 2657033678 ccd5c99374 3191 4 67 photo
37.635657 -86.437779 2657037368 94df473a67 3283 4 70 photo
37.635657 -86.437779 2657038940 ed553f497f 3161 4 66 photo
37.635657 -86.437779 2657041854 e743f61515 3131 4 64 photo
37.635657 -86.437779 2657044456 6772ba6b6e 3156 4 57 photo
37.69391 -85.859484 2792964219 a76a04f692 3036 4 ed1508d0b0 jpg
37.69391 -85.859484 2792967527 7800ae6b2e 3274 4 35f033c4ed jpg
37.69391 -85.859484 2793824942 5dc049628d 3146 4 5072cf4c4b jpg
37.693333 -85.858395 2946055108 9d8b4d791e 3274 4 646fa9d646 jpg
37.693333 -85.858395 2946055120 b17fde1e2c 3233 4 50ba2a3178 jpg
37.711596 -85.834615 2999494211 5679195044 3188 4 8ed2780f3b jpg
37.694148 -85.859549 2999585937 ec6ba7220f 3009 4 a48f39b7ed jpg
37.711596 -85.834615 3000338818 c460138e24 3201 4 b27a8b004d jpg
37.694148 -85.859549 3000430224 604df801f0 3022 4 423a6834bb jpg
37.692981 -85.856823 3000434310 b7c5bfe979 3244 4 b30851473b jpg
37.694407 -85.860182 3533790554 df03c17bf9 2262 3 22fc75a9a0 jpg
37.628032 -85.905468 6881996869 763a3299bc 7049 8 09605213fe jpg
37.677388 -85.84661 69283653 bc98b933bb 6 1 bc98b933bb jpg
37.602914 -85.9052 7129100267 362f406d3d 7203 8 30007a4fca jpg
37.507725 -85.882422 759428655 b23d2995bb 1365 2 a3176ce2d4 jpg
37.507725 -85.882422 759429901 d37bbafb83 1348 2 3ba5ec2eea jpg
37.271734 -85.89041 849672025 15fef6326e 1289 2 dc346ab4aa jpg
37.704806 -85.869333 8821513504 31aa149dea 3807 4 a1b5b51694 png
37.692972 -85.85781 914779178 236bb1e0ef 1164 2 2c57aaa1af jpg
