lat lon id secret server farm org.scrt fmt
37.642148 -89.097205 237330340 5fe465d84e 93 1 5fe465d84e jpg
37.278423 -89.184941 2374468932 1da4208341 2088 3 168 photo
37.278423 -89.184941 2374470588 1762a42c15 3059 4 191 photo
37.541901 -88.64101 2770534349 74a8a3d734 3268 4 6 photo
37.541901 -88.64101 2770534721 64b07e1220 3107 4 5 photo
37.541901 -88.64101 2770534829 11c4c2cabd 3251 4 9 photo
37.416931 -88.648574 2770536231 f4926e8f66 3176 4 8 photo
37.416931 -88.648574 2770536299 771b8b91cc 2042 3 6 photo
37.541901 -88.64101 2771381010 53d2657d4d 3223 4 27 photo
37.541901 -88.64101 2771381300 87cc032738 2379 3 7 photo
37.541901 -88.64101 2771381420 7dc16f886d 3233 4 6 photo
37.542008 -88.641482 2771381782 e030628dbd 2371 3 8 photo
37.541978 -88.641804 2771381970 a4a63d341c 3014 4 9 photo
37.541978 -88.641804 2771382074 56d1db333b 3237 4 8 photo
37.416931 -88.648574 2771382990 467ba8aeb2 3284 4 10 photo
37.416931 -88.648574 2771383332 2763fa62cc 3285 4 12 photo
37.541901 -88.64101 2771383402 92f19f2c6b 3116 4 9 photo
37.284365 -88.858731 2775885621 62e5fc577a 3085 4 53 photo
37.284365 -88.858731 2775998765 a132174828 3225 4 51 photo
37.284365 -88.858731 2776000079 430292542d 3108 4 57 photo
37.284365 -88.858731 2776000867 92e62da06a 3120 4 82 photo
37.284365 -88.858731 2776001695 d2576ac564 3175 4 20 photo
37.284365 -88.858731 2776010659 532f9bdbcc 3074 4 42 photo
37.284365 -88.858731 2776015131 653a96d4c9 3076 4 22 photo
37.284365 -88.858731 2776018299 23e2f7a7aa 3181 4 100 photo
37.284365 -88.858731 2776022787 6ff336520e 3182 4 33 photo
37.284365 -88.858731 2776024547 d80c52fc18 3089 4 33 photo
37.284365 -88.858731 2776025937 4503279714 3166 4 49 photo
37.284365 -88.858731 2776029045 ce9dbb6b0a 3268 4 83 photo
37.284365 -88.858731 2776029737 3c359c818f 3043 4 59 photo
37.284365 -88.858731 2776030519 2bb06639aa 3266 4 78 photo
37.284365 -88.858731 2776031255 22b0f01a82 3052 4 81 photo
37.284365 -88.858731 2776032711 180a4fc00f 3010 4 14 photo
37.284365 -88.858731 2776033399 d89ee1d365 3049 4 104 photo
37.284365 -88.858731 2776034943 ff7254913d 3020 4 79 photo
37.284365 -88.858731 2776035431 3d454b7efc 3021 4 77 photo
37.284365 -88.858731 2776038043 f4158b20fe 3092 4 82 photo
37.284365 -88.858731 2776039425 58b5cfed5a 3071 4 58 photo
37.284365 -88.858731 2776042767 25484eb4ca 3145 4 65 photo
37.284365 -88.858731 2776044143 58f7b9f06b 3267 4 32 photo
37.284365 -88.858731 2776047259 6867185a54 3291 4 16 photo
37.284365 -88.858731 2776053277 2c2fa5cafd 3175 4 18 photo
37.284365 -88.858731 2776057483 54cf139e32 3263 4 61 photo
37.284365 -88.858731 2776058577 7f1144a2a1 3064 4 19 photo
37.284365 -88.858731 2776060241 4666aed405 3261 4 16 photo
37.284365 -88.858731 2776069391 3e912bfca1 3018 4 41 photo
37.284365 -88.858731 2776072899 35ddb53774 3146 4 43 photo
37.284365 -88.858731 2776074951 c707866df0 3025 4 23 photo
37.284365 -88.858731 2776076569 c9ccd0d808 3125 4 72 photo
37.284365 -88.858731 2776077933 e9b7b9a45f 3017 4 38 photo
37.284365 -88.858731 2776079627 525a779bb0 3208 4 39 photo
37.284365 -88.858731 2776082461 9ec40671a6 3235 4 31 photo
37.284365 -88.858731 2776087783 c06934ea55 3050 4 18 photo
37.284365 -88.858731 2776088509 f53d2a3d38 3259 4 14 photo
37.284365 -88.858731 2776089151 20d5e732d1 3231 4 25 photo
37.284365 -88.858731 2776092171 2a60086485 3259 4 79 photo
37.284365 -88.858731 2776092853 722df396c9 3273 4 75 photo
37.284365 -88.858731 2776094453 9feba1ba62 3288 4 28 photo
37.284365 -88.858731 2776740142 d35b9bc132 3052 4 17 photo
37.284365 -88.858731 2776740524 19b28330c7 3292 4 17 photo
37.284365 -88.858731 2776858148 4b8ee76f55 3285 4 42 photo
37.284365 -88.858731 2776858912 a0b1784e55 3015 4 10 photo
37.284365 -88.858731 2776861328 9925b01231 3283 4 44 photo
37.284365 -88.858731 2776862290 bdd7dc0189 3196 4 32 photo
37.284365 -88.858731 2776863558 0a71cbd403 3139 4 58 photo
37.284365 -88.858731 2776864614 b5d6bd0b36 3037 4 48 photo
37.284365 -88.858731 2776867262 13e208b802 3282 4 9 photo
37.284365 -88.858731 2776868680 d3637eb289 3207 4 63 photo
37.284365 -88.858731 2776869586 4671625087 3273 4 16 photo
37.284365 -88.858731 2776876802 354ae9a463 3017 4 44 photo
37.284365 -88.858731 2776883048 066dde6301 3007 4 77 photo
37.284365 -88.858731 2776887504 a551d3fd5c 3145 4 37 photo
37.284365 -88.858731 2776891882 eacba412a5 3184 4 80 photo
37.284365 -88.858731 2776900980 618a5e3065 3119 4 87 photo
37.284365 -88.858731 2776904332 3b4d1eb1c2 3005 4 32 photo
37.284365 -88.858731 2776906302 2d32bcb300 3258 4 13 photo
37.284365 -88.858731 2776910020 4143680857 3278 4 31 photo
37.284365 -88.858731 2776916942 6550d8a163 3079 4 27 photo
37.284365 -88.858731 2776920182 55cab3f47b 3068 4 15 photo
37.284365 -88.858731 2776922192 d3405cd777 3158 4 40 photo
37.284365 -88.858731 2776923326 5583d143d6 3216 4 15 photo
37.284365 -88.858731 2776925974 48d3732e86 3002 4 36 photo
37.284365 -88.858731 2776929018 10ac643f17 3156 4 25 photo
37.284365 -88.858731 2776936238 d0bfecce6d 3282 4 83 photo
37.284365 -88.858731 2776939088 85642e1b94 3047 4 41 photo
37.284365 -88.858731 2776942372 5eecd30bc0 3144 4 42 photo
37.284365 -88.858731 2776945158 188e4371aa 3064 4 44 photo
37.284365 -88.858731 2776945858 3fc5c749b6 3272 4 44 photo
37.284365 -88.858731 2776948706 91113ff0da 3266 4 46 photo
37.523754 -88.656567 3104267170 4ca54560fc 3132 4 31 photo
37.518597 -88.658133 3189479177 4fd38e5f82 3435 4 131 photo
37.518597 -88.658133 3189479445 cacb42dd2b 3124 4 103 photo
37.518597 -88.658133 3189479637 d2f46ecc32 3102 4 127 photo
37.518597 -88.658133 3189479861 77f3d5dd0f 3518 4 148 photo
37.518597 -88.658133 3189480081 0ff4395279 3502 4 119 photo
37.518312 -88.660011 3189480545 5b8f1325a6 3490 4 95 photo
37.5636 -88.642319 3189481167 61a02463ee 3128 4 214 photo
37.514785 -89.038395 482234912 9ecae0c7ec 179 1 32 photo
37.625733 -89.20009 5928934381 2114d31077 6123 7 d1a5b8c4d1 jpg
37.615642 -89.200778 6125453442 0df018fb4a 6207 7 edf838539b jpg
