lat lon id secret server farm org.scrt fmt
37.377208 -113.467537 1330239533 e3bee738a9 1119 2 7 photo
37.377208 -113.467537 1330244557 f7fb422d26 1211 2 9 photo
37.377208 -113.467537 1330251513 c250174e7d 1230 2 8 photo
37.377208 -113.467537 1330254857 7a99ec977b 1031 2 7 photo
37.377208 -113.467537 1330258777 2fd763ad7e 1008 2 3 photo
37.377208 -113.467537 1330265275 dc53c9e1b2 1311 2 3 photo
37.377208 -113.467537 1330267373 fc3000d647 1351 2 7 photo
37.377208 -113.467537 1330271979 c3cd28c094 1177 2 3 photo
37.377208 -113.467537 1330275319 78ebef3fb7 1129 2 3 photo
37.377208 -113.467537 1330290341 319ae4b8c2 1199 2 6 photo
37.377208 -113.467537 1330321887 d565694e7a 1392 2 3 photo
37.377208 -113.467537 1330323721 7905ea30ee 1311 2 3 photo
37.377208 -113.467537 1330327727 717296fdc1 1107 2 5 photo
37.377208 -113.467537 1330334249 c49b5aaf43 1150 2 5 photo
37.377208 -113.467537 1330336965 23da544603 1103 2 4 photo
37.377208 -113.467537 1330341263 24c0eb2fb1 1065 2 3 photo
37.377208 -113.467537 1330343715 78770fdbf6 1334 2 4 photo
37.377208 -113.467537 1330346279 f57fa346f8 1155 2 5 photo
37.377208 -113.467537 1330355433 713779499d 1225 2 10 photo
37.377208 -113.467537 1330358765 b512236512 1063 2 2 photo
37.377208 -113.467537 1330360685 74be9ffdba 1129 2 4 photo
37.377208 -113.467537 1330363199 6b35a08999 1298 2 9 photo
37.377208 -113.467537 1330366517 4ac695e1bd 1138 2 2 photo
37.377208 -113.467537 1330367773 98c6becd7e 1112 2 2 photo
37.377208 -113.467537 1330380091 84896cbdaa 1419 2 1 photo
37.377208 -113.467537 1330380705 e7f76ac61e 1353 2 2 photo
37.377208 -113.467537 1330383139 297d9721a7 1379 2 1 photo
37.377208 -113.467537 1330383547 3a26635179 1277 2 1 photo
37.377208 -113.467537 1330384555 c359ef63bf 1320 2 1 photo
37.377208 -113.467537 1330385933 790c14ee55 1240 2 2 photo
37.377208 -113.467537 1330386815 ee1d00c5c9 1247 2 1 photo
37.377208 -113.467537 1330387689 f51c72d460 1044 2 1 photo
37.377208 -113.467537 1330388671 242929dc93 1351 2 1 photo
37.377208 -113.467537 1330389593 017f1deec7 1123 2 0 photo
37.377208 -113.467537 1330390357 777389506e 1403 2 0 photo
37.377208 -113.467537 1330392043 6fc6c89ed5 1279 2 1 photo
37.377208 -113.467537 1330397567 f2c19602de 1117 2 4 photo
37.377208 -113.467537 1330400827 bb39ea8f40 1115 2 5 photo
37.377208 -113.467537 1330403771 18c505d81f 1303 2 5 photo
37.377208 -113.467537 1330413159 2232eec4e2 1109 2 4 photo
37.377208 -113.467537 1330417385 eb175ecede 1292 2 0 photo
37.377208 -113.467537 1331125530 3576ce4b13 1420 2 7 photo
37.377208 -113.467537 1331130374 9b12d04d9e 1066 2 7 photo
37.377208 -113.467537 1331134972 f3f8b4d183 1289 2 9 photo
37.377208 -113.467537 1331165686 260141bd3f 1437 2 3 photo
37.377208 -113.467537 1331168594 00613e4dd8 1389 2 3 photo
37.377208 -113.467537 1331171326 20a6e44bc1 1134 2 4 photo
37.377208 -113.467537 1331173872 529f2408dc 1312 2 6 photo
37.377208 -113.467537 1331183608 2b05ae5a67 1207 2 3 photo
37.377208 -113.467537 1331207724 6b2ee76c9c 1195 2 3 photo
37.377208 -113.467537 1331222538 a48af9daf7 1282 2 4 photo
37.377208 -113.467537 1331225180 ab13f708ae 1156 2 4 photo
37.377208 -113.467537 1331225862 30a31b0e06 1106 2 4 photo
37.377208 -113.467537 1331226490 36d04d5303 1298 2 3 photo
37.377208 -113.467537 1331238614 7b7d9ba7e7 1068 2 3 photo
37.377208 -113.467537 1331240214 d9be63c441 1337 2 4 photo
37.377208 -113.467537 1331243742 dbda401113 1106 2 2 photo
37.377208 -113.467537 1331258712 3283a3e1ec 1152 2 3 photo
37.377208 -113.467537 1331259442 c609b9d62d 1133 2 2 photo
37.377208 -113.467537 1331262010 28c4112505 1221 2 3 photo
37.377208 -113.467537 1331263678 4c3d7d9b08 1160 2 3 photo
37.377208 -113.467537 1331265384 778a58760e 1352 2 2 photo
37.377208 -113.467537 1331266218 77e7a38d35 1039 2 2 photo
37.377208 -113.467537 1331269250 47a57aa125 1064 2 1 photo
37.377208 -113.467537 1331271734 3ba27da58a 1209 2 3 photo
37.377208 -113.467537 1331279942 5415eeed39 1078 2 1 photo
37.377208 -113.467537 1331282808 2b8414eb4f 1157 2 4 photo
37.377208 -113.467537 1331285400 cb02362883 1150 2 4 photo
37.377208 -113.467537 1331293490 0436b2e169 1147 2 4 photo
37.377208 -113.467537 1331296522 cc229d6117 1090 2 4 photo
37.377208 -113.467537 1331302914 9bedc3eb75 1175 2 5 photo
37.377208 -113.467537 1331307370 a376b7681d 1070 2 0 photo
37.376978 -113.638147 2026033255 f1a00b7237 2140 3 6 photo
37.473631 -113.242671 226516465 c47279530d 76 1 27 photo
37.357059 -113.285522 244620583 a43d3a51a5 95 1 a43d3a51a5 jpg
37.293699 -113.693228 2447083631 3dc5ca31ff 3035 4 29b143a386 jpg
37.293699 -113.693228 2447084313 bc2ba46c4b 2071 3 95421f3d17 jpg
37.293716 -113.696265 2447086867 826b2af428 2025 3 c022696527 jpg
37.293699 -113.693228 2447906684 45f5a19c2b 2322 3 39e03173e6 jpg
37.293699 -113.693228 2447908286 b3fde5c775 2376 3 0a579775dc jpg
37.293699 -113.693228 2447909124 a37aab1b13 2264 3 8948293e42 jpg
37.293716 -113.696265 2447911350 fb0041b470 2093 3 d6edcb8483 jpg
37.337919 -113.693228 2520006878 c540ec8c18 2202 3 c549140378 jpg
37.511398 -113.322912 2696901649 8e0d09b541 3064 4 fa66c1fd1c jpg
37.551739 -113.354659 2696917015 3314974171 3101 4 1562bd9e59 jpg
37.551739 -113.354659 2697731662 a2da169ca7 3133 4 48544b4467 jpg
37.271645 -113.770465 354365276 e9a41e7cd3 132 1 e9a41e7cd3 jpg
37.271645 -113.770465 354365277 36ab8d1c18 126 1 36ab8d1c18 jpg
37.271645 -113.770465 354365279 698c154ce0 132 1 698c154ce0 jpg
37.271645 -113.770465 354382708 c24cad0aef 148 1 c24cad0aef jpg
37.482946 -113.304373 428194258 dff67f51b7 174 1 7b7a9e7b32 jpg
37.478617 -113.304512 428194284 4b3edeb384 149 1 940e145a26 jpg
37.482069 -113.304748 428194304 7cabff8c67 152 1 c6051f470f jpg
37.2785 -113.311185 578797773 c9365adb0f 1343 2 70673d4e72 jpg
37.337919 -113.693228 68916023 931f7b9078 15 1 931f7b9078 jpg
37.337919 -113.693228 68916059 70b659da7a 15 1 70b659da7a jpg
37.337919 -113.693228 68916093 cc5e00964a 15 1 cc5e00964a jpg
37.337919 -113.693228 68916127 beda56405c 15 1 beda56405c jpg
37.337919 -113.693228 68916191 4c729c1279 6 1 4c729c1279 jpg
37.337919 -113.693228 68929925 ba421e4090 15 1 ba421e4090 jpg
