lat lon id secret server farm org.scrt fmt
31.313831 37.336027 10652376375 d28a60f284 5544 6 efec0b373c jpg
31.294327 37.350146 11386138145 cd10d5cd8a 5487 6 a607885f5b jpg
37.688507 31.718559 3427635516 d4833ac397 3376 4 1a40af2354 jpg
37.677475 31.721048 3438594405 4ea6c235e8 3302 4 8d63dfacf0 jpg
37.682423 31.723676 5960700994 ac59196806 6016 7 2293e254bf jpg
31.732986 37.266133 6345764163 2d3c57967f 6094 7 315634095e jpg
31.73483 37.264868 6345765853 23cfd7731e 6100 7 3c19206f6c jpg
31.744096 37.276998 6345790873 6b379bd3bf 6220 7 6aa1bb7cff jpg
31.735675 37.403398 6346167175 55c4235045 6235 7 04c7a211bd jpg
31.726498 37.412938 6346184517 0bf6100fd1 6218 7 714fa02b7e jpg
31.747408 37.479233 6346283931 3fe6d49946 6097 7 44f21c858c jpg
31.733518 37.265856 6346515134 813959ae6f 6035 7 6875b01b0f jpg
31.712576 37.337286 6346804782 58bfbf5152 6047 7 72cc026ea3 jpg
31.747928 37.475943 6347031618 1bcbf7d7f7 6225 7 476c8c7cf1 jpg
37.681952 31.71945 6859916654 fb378c1d9d 7110 8 79ce5fca47 jpg
31.373205 37.28897 7186493559 182d8e8dab 7073 8 fb4141761e jpg
37.614775 31.497802 7264937132 18d50c4ea8 7092 8 e695dae796 jpg
37.531413 31.195827 7387875988 bc0bb4192c 5338 6 4 photo
37.523883 31.186413 7387876860 f472e3d52e 7088 8 2 photo
37.518847 31.191433 7387877322 c38514c6d9 7084 8 3 photo
37.518644 31.190883 7387877670 fc8be0f62e 7091 8 3 photo
37.518633 31.190836 7387878402 e4de63d889 7219 8 3 photo
37.516222 31.190938 7387879032 e86de32f02 7080 8 7 photo
37.513694 31.190505 7387879802 85935a7f3d 7230 8 3 photo
37.5123 31.191619 7387880286 929e63198c 7220 8 4 photo
37.512322 31.191697 7387880860 526a539ff5 7102 8 3 photo
37.512322 31.191722 7387881822 6dec8128d5 7083 8 3 photo
37.511522 31.192388 7387882592 3d02951f04 7097 8 3 photo
37.511894 31.190344 7387883736 521dce6114 8157 9 3 photo
37.511169 31.191852 7387884744 48a4a23f72 7104 8 3 photo
37.51008 31.191055 7387885344 089cb40887 7239 8 2 photo
37.50878 31.189875 7387885830 bb596d94d4 7076 8 2 photo
37.508769 31.189869 7387886258 ab27570aeb 8010 9 2 photo
37.5041 31.191502 7387886996 156db72485 7211 8 2 photo
37.501886 31.194122 7387887734 f73438505d 8142 9 2 photo
37.501797 31.194058 7387888278 83ffc77aa1 8006 9 2 photo
37.501163 31.195186 7387888958 1cf76dd98c 7221 8 2 photo
37.49948 31.198958 7387890080 d5302bc3f1 5350 6 2 photo
37.496202 31.19903 7387891010 37ea033cbf 7085 8 2 photo
37.495344 31.200005 7387891678 6d031b4d8f 7228 8 2 photo
37.49523 31.200061 7387892358 0d52491bde 7081 8 2 photo
37.495255 31.200066 7387892870 1d7ffccd0b 7222 8 2 photo
37.495263 31.200088 7387893580 0677c9b2c3 8024 9 7 photo
37.495097 31.200102 7387894178 6e11896c8f 7242 8 3 photo
37.494905 31.200363 7387894858 a4518fb39c 5319 6 3 photo
37.493794 31.202086 7387895452 161cac222b 8001 9 4 photo
37.493263 31.202122 7387895916 2100a754fd 5334 6 6 photo
37.493288 31.202188 7387896350 259ca9e4d9 5038 6 3 photo
37.493427 31.202155 7387897026 8d7e8c0ce9 7076 8 4 photo
37.493511 31.201966 7387897732 ba6a5f59ee 5071 6 4 photo
37.491894 31.201955 7387898248 b0b392fe60 5120 6 8 photo
37.49078 31.200966 7387898662 83d222deeb 7222 8 3 photo
37.486683 31.196044 7387899560 45b7647d88 5333 6 5 photo
37.485594 31.195119 7387900320 f9bc650438 7072 8 4 photo
37.485519 31.195138 7387901368 4cff221dae 7079 8 3 photo
37.485408 31.195069 7387901970 e4fbd8666f 8019 9 4 photo
37.485383 31.195558 7387902758 06194a8cae 5447 6 3 photo
37.485497 31.195472 7387903522 bab786f586 5272 6 6 photo
37.485422 31.19543 7387904318 b55fd089dc 7230 8 3 photo
37.485483 31.195427 7387905088 113fcd9708 7213 8 3 photo
37.485427 31.19555 7387906068 aa9c5a04b6 7222 8 6 photo
37.48553 31.195436 7387906542 4dee4a4556 8013 9 7 photo
37.485519 31.195375 7387907186 6186a5513c 7098 8 3 photo
37.484219 31.195894 7387907988 3ec444a1d8 5320 6 5 photo
37.484344 31.196075 7387908760 8d59c47d8e 7229 8 3 photo
37.484186 31.196513 7387909894 5ca333f935 7088 8 3 photo
37.48088 31.198772 7387911064 3ace6af3f6 7219 8 5 photo
37.480919 31.198566 7387911744 737e509965 7214 8 4 photo
37.47973 31.198038 7387912972 7d44ee882c 8163 9 2 photo
37.477338 31.198738 7387913456 5de167429e 8026 9 2 photo
37.476002 31.199825 7387914080 40556de5a8 7088 8 4 photo
37.475627 31.200019 7387914800 fe1ab6669b 7231 8 2 photo
37.475238 31.200527 7387915360 221d590533 7212 8 2 photo
37.475327 31.200527 7387916068 d83ee583a1 8010 9 2 photo
37.475352 31.200486 7387916872 e03b70722b 8153 9 5 photo
37.298933 31.193616 7387917124 deb58500c4 7217 8 3 photo
37.298794 31.193619 7387917896 8635c54560 7239 8 4 photo
37.298822 31.193677 7387918452 7ecba71d59 7104 8 3 photo
37.28228 31.141338 7387919418 44c6de9758 8021 9 2 photo
37.281425 31.141344 7387920244 eb081f56e2 8018 9 2 photo
37.281402 31.141197 7387921484 3a0cba77ed 8009 9 3 photo
37.280527 31.140372 7387922544 ee4c55ea03 7242 8 3 photo
37.27508 31.131905 7387923768 58c104be1a 5346 6 9 photo
37.274983 31.131977 7387924596 ff29247479 8013 9 4 photo
37.275152 31.132152 7387925572 3cd7504892 7079 8 3 photo
37.273263 31.132177 7387926458 5604d08870 5457 6 3 photo
37.264047 31.125205 7387927146 9d3c48b169 7096 8 3 photo
37.638703 31.616249 7859592250 184dcca597 8283 9 420b0a2da9 jpg
37.668 31.714 8096556441 67665f18e1 8334 9 1a2d2ecd41 jpg
37.668 31.714 8096556887 378fb34483 8473 9 7001241214 jpg
37.668 31.714 8096572695 7c7c7f452e 8471 9 c4ff748c23 jpg
37.668 31.714 8096579706 f2bc479281 8336 9 887389e0a0 jpg
37.668833 31.714333 8096781354 8ec313babc 8196 9 3e972b2e2f jpg
37.679905 31.724503 8447056653 16747c2078 8515 9 07260f5dc6 jpg
37.686666 31.720666 8449327891 19169b316f 8049 9 7e07c53a38 jpg
37.683735 31.718367 8499050981 cd304af5f9 8108 9 2a77257067 jpg
37.683735 31.718367 8500157146 7d04ace486 8097 9 4ee8aa5f64 jpg
37.683735 31.718367 8500157502 d620213b7f 8240 9 90acbde51b jpg
37.68043 31.7229 9255514829 bd2a6356a6 2830 3 aec21b3208 jpg
