lat lon id secret server farm org.scrt fmt
37.619236 -1.006311 1519019283 867a572c1e 2211 3 0 photo
37.619236 -1.006311 1519025305 41444fdf35 2312 3 0 photo
37.619236 -1.006311 1519052891 6e04fab441 2038 3 0 photo
37.619236 -1.006311 1519057669 d75d63769c 2226 3 0 photo
37.619236 -1.006311 1519068085 e70d7be262 2102 3 0 photo
37.619236 -1.006311 1519082789 d2fbb0e788 2105 3 0 photo
37.619236 -1.006311 1519105761 491fd128c9 2062 3 0 photo
37.619236 -1.006311 1519113871 bf2609177a 2067 3 1 photo
37.597597 -0.982536 1519896112 214c9c5867 2279 3 1 photo
37.619236 -1.006311 1519920286 e1e4d19ef8 2405 3 0 photo
37.619236 -1.006311 1519932574 260323bdd1 2194 3 2 photo
37.619236 -1.006311 1519947842 2cc876e531 2067 3 0 photo
37.619236 -1.006311 1519955284 9a8c5e7d19 2057 3 0 photo
37.619236 -1.006311 1521793181 eb7bda96c5 2405 3 5 photo
37.619721 -1.006182 1521795211 05b79baeb7 2351 3 5 photo
37.619236 -1.006311 1522648882 ee72fa9959 2342 3 3 photo
37.619236 -1.006311 1522649454 be36d874aa 2017 3 3 photo
37.619236 -1.006311 1522654194 b94270157d 2259 3 3 photo
37.619721 -1.006182 1522655476 8efec30c02 2123 3 5 photo
37.619721 -1.006182 1522656120 39b6c2b17c 2280 3 3 photo
37.619236 -1.006311 1524793111 124dde7879 2181 3 7 photo
37.619236 -1.006311 1524799535 7944e52297 2316 3 2 photo
37.619721 -1.006182 1524802775 bdf7d3aca7 2064 3 4 photo
37.619721 -1.006182 1524803509 b461aaa8c9 2005 3 7 photo
37.619236 -1.006311 1524804619 56d25838fc 2326 3 7 photo
37.619236 -1.006311 1525665268 ad6716c6df 2381 3 4 photo
37.619721 -1.006182 1525666550 cb8b45001e 2264 3 2 photo
37.619721 -1.006182 1525667162 fa88fe04ab 2342 3 5 photo
37.619721 -1.006182 1525668214 603ca6bca5 2292 3 9 photo
37.619236 -1.006311 1525670364 82f75aff9d 2276 3 4 photo
37.619236 -1.006311 1525673598 5fb460a4a1 2363 3 6 photo
37.622194 -1.01028 1799542579 c31cbd667c 2006 3 b8b2c13117 jpg
37.622194 -1.01028 1800381192 fec3e4f8d4 2296 3 d2f01fab02 jpg
37.599629 -0.982965 2084603552 9d0417e5de 2409 3 0911f948db jpg
37.619236 -1.006311 2115112553 59ddf9698a 2231 3 2 photo
37.619236 -1.006311 2115119931 61863a03c4 2206 3 2 photo
37.619236 -1.006311 2115149233 5fc23bbacd 2319 3 4 photo
37.619236 -1.006311 2115151709 9bfbac5a6e 2048 3 3 photo
37.619236 -1.006311 2115153303 fbe4c6d929 2316 3 3 photo
37.619236 -1.006311 2115252811 a878aa7713 2110 3 1 photo
37.619236 -1.006311 2115893746 acfe07698b 2311 3 2 photo
37.619236 -1.006311 2115894814 955fae49c1 2052 3 3 photo
37.619236 -1.006311 2115896454 18d32434bf 2215 3 2 photo
37.619236 -1.006311 2115930842 3ffaa035ef 2403 3 3 photo
37.619236 -1.006311 2115932356 67a7bc3711 2257 3 3 photo
37.619236 -1.006311 2116184306 98a518511e 2358 3 1 photo
37.611375 -0.998865 2407719275 7dc91352bd 3244 4 1 photo
37.619236 -1.006311 2407719797 0b817525c4 3027 4 1 photo
37.619262 -1.006386 2407721049 b880ddf1b0 2182 3 3 photo
37.619262 -1.006386 2407721293 a44ff5d3ba 2090 3 1 photo
37.619262 -1.006386 2407721825 967f579109 2113 3 1 photo
37.606522 -1.025322 2407722269 43902a0dd1 2374 3 1 photo
37.606522 -1.025322 2407722495 5843b07968 2046 3 1 photo
37.606522 -1.025322 2407722677 ed310f3f2b 2267 3 2 photo
37.619262 -1.006386 2407723139 b3aed0edf8 3038 4 2 photo
37.597597 -0.982536 2407739613 47f9b6d862 2288 3 4 photo
37.599756 -0.986012 2407740233 a45d4ff4b3 3069 4 4 photo
37.599756 -0.986012 2407740471 c08521cc57 2107 3 4 photo
37.611375 -0.998865 2408552372 669b2e0b95 3214 4 1 photo
37.611375 -0.998865 2408552940 8bbd1e3a7b 3214 4 1 photo
37.619236 -1.006311 2408553408 6cb494eaab 3040 4 4 photo
37.619236 -1.006311 2408553658 905922ab76 2075 3 4 photo
37.619236 -1.006311 2408553890 dbab56bc79 3188 4 1 photo
37.619236 -1.006311 2408554150 4530fe58e4 3008 4 1 photo
37.619262 -1.006386 2408554858 18cda422b8 3269 4 1 photo
37.606522 -1.025322 2408555360 df92bb2042 2116 3 3 photo
37.597597 -0.982536 2408573264 d1dd32c943 2074 3 5 photo
37.619236 -1.006311 2409341409 07e9c08fb3 2346 3 14 photo
37.619236 -1.006311 2409341505 3fbf528e3f 2246 3 13 photo
37.619721 -1.005624 2409341611 d6820d3f39 2359 3 7 photo
37.619236 -1.006311 2409341867 b5ddbef9b9 2247 3 4 photo
37.611375 -0.998865 2409341979 de460ed24a 3112 4 4 photo
37.619236 -1.006311 2410175536 326307beaa 3102 4 3 photo
37.619236 -1.006311 2410175618 e170434036 3243 4 4 photo
37.611375 -0.998865 2410175870 9507d4b85d 3206 4 4 photo
37.690111 -0.961625 3107437217 8ed8061f2d 3022 4 f82263c97e jpg
37.705524 -0.742452 3174670636 d4a502067d 1130 2 bb74ac9af2 jpg
37.705524 -0.742452 3174672606 e2113d4281 3257 4 9d65e50a9d jpg
37.705218 -0.742246 3174674710 ff2d39df2a 3134 4 ec98f654b1 jpg
37.599663 -0.984424 3271691287 44166a8554 3497 4 57573b93a0 jpg
37.648715 -0.867887 3293103255 f0c46c4006 3483 4 68ec342b3d jpg
37.648715 -0.867887 3293925492 c42b87b224 3430 4 92e1bc80c1 jpg
37.689186 -0.962516 3845306622 e0598524a8 3419 4 1c23bb3078 jpg
37.600755 -0.985507 3874910895 49a4ae8e45 2659 3 57 photo
37.63282 -0.690475 415004640 848de88847 151 1 118 photo
37.604219 -0.981184 5257755831 c7b3c2cd37 5242 6 ea6df383f3 jpg
37.601057 -0.986269 5277113573 0497f04d06 5002 6 81 photo
37.601057 -0.986269 5277167847 5bccf8f330 5089 6 78 photo
37.601082 -0.985625 5277361581 daf3360a2d 5123 6 132 photo
37.601082 -0.985625 5277412909 259e8a6ee9 5130 6 105 photo
37.601057 -0.986269 5277842234 110c1b0bdf 5089 6 91 photo
37.601082 -0.985625 5277869165 9a946213b5 5244 6 248 photo
37.601082 -0.985625 5277968394 0dccb48ab2 5006 6 137 photo
37.601082 -0.985625 5278125850 6d8903fd06 5247 6 130 photo
37.601082 -0.985625 5278352014 6ede6cd78e 5248 6 140 photo
37.601082 -0.985625 5278557136 b229f68068 5127 6 136 photo
37.601057 -0.986269 5278730606 67c8af33e5 5044 6 148 photo
37.599697 -0.984928 6911957159 b351eb4e41 7194 8 bdd8c38b8a jpg
37.599697 -0.984928 6915010417 d200ff990a 7206 8 a15047a95d jpg
37.599697 -0.984928 6915010983 a5d05b7c65 7208 8 01f619707e jpg
