lat lon id secret server farm org.scrt fmt
37.699627 -25.799537 4747447688 f3262cdabd 4135 5 22 photo
37.693943 -25.65491 5897452339 5faa8279a2 6050 7 687b35e23d jpg
37.693255 -25.654423 5897455021 247295a80c 5152 6 5f27e15378 jpg
37.692035 -25.652936 5897457017 64c091f958 5304 6 a81ec0ba41 jpg
37.692411 -25.650345 5897461459 b418a9bce1 6041 7 099ab8ee5f jpg
37.692331 -25.649286 5897464013 09e86d1010 6002 7 6ccbcb7673 jpg
37.69404 -25.654968 5898015458 e05f1b664b 5040 6 553b6b929c jpg
37.691893 -25.651518 5898023904 599b12cd19 6001 7 6090bf2b48 jpg
37.689075 -25.648026 5898030858 407a6f4b45 5280 6 36b0f7289e jpg
37.701 -25.669334 7272463060 274170ea16 8005 9 0 photo
37.7035 -25.661667 7272470744 359be7031f 7075 8 0 photo
37.676333 -25.727834 7272485486 bf40583b9a 7071 8 1 photo
37.679666 -25.700167 7272511296 bacd2f50cd 7097 8 0 photo
37.678833 -25.728167 7272521178 ed0a636363 8144 9 0 photo
37.701333 -25.667167 7272526078 4e370344e4 8001 9 0 photo
37.679666 -25.700167 7272559156 3245616370 7101 8 0 photo
37.664666 -25.736167 7272565864 15821bc536 7227 8 0 photo
37.682833 -25.700334 7272566380 b31e59420c 7082 8 0 photo
37.675666 -25.722667 7272572248 be23d48f60 7235 8 0 photo
37.664666 -25.736167 7272618524 31d878a244 7215 8 0 photo
37.697166 -25.685167 7272624396 387cdf6479 7223 8 0 photo
37.679666 -25.7015 7272626474 8e0476d15d 7240 8 0 photo
37.697166 -25.685167 7272631250 3df74e231a 8153 9 0 photo
37.703166 -25.663834 7272636278 92924a528d 8145 9 0 photo
37.665666 -25.713167 7272641226 d19d672ba6 7228 8 0 photo
37.689166 -25.683667 7272654626 0e38e4b2e4 7243 8 0 photo
37.701333 -25.667167 7272658726 50665deabe 8155 9 0 photo
37.664666 -25.736167 7272668838 383a2979f0 7097 8 0 photo
37.68 -25.706167 7272669974 609cb4c208 7242 8 0 photo
37.701333 -25.667834 7272671784 52b084b775 7077 8 0 photo
37.711655 -25.673184 7689748514 72468bc199 7271 8 4 photo
37.673019 -25.710006 7689751908 e92de44f6a 7136 8 14 photo
37.669088 -25.711634 7689755606 9d80a052ca 7261 8 1 photo
37.66868 -25.711812 7689759780 85ffef6342 8027 9 7 photo
37.6662 -25.713684 7689767074 57477235fb 8434 9 2 photo
37.666347 -25.713706 7690241080 8a1e4b38c2 7112 8 1 photo
37.668872 -25.715092 7690253584 aca3941223 8142 9 2 photo
37.668877 -25.715289 7690262536 bb93a89499 7257 8 1 photo
37.669913 -25.718664 7690275110 0f775b8b3e 7273 8 19 photo
37.670049 -25.718953 7690284760 3ba1df9f96 8148 9 4 photo
37.673752 -25.717606 7690289096 a9bc1d841c 7278 8 2 photo
37.676655 -25.717592 7690292144 80fd1341a5 8165 9 3 photo
37.677269 -25.717542 7690299856 ebe8360153 8009 9 3 photo
37.677305 -25.717339 7690304176 d80080df64 8428 9 1 photo
37.678616 -25.713239 7690308628 cb04d7b508 7139 8 1 photo
37.67878 -25.710745 7690313280 045d288b75 7132 8 0 photo
37.679175 -25.71087 7690318148 04510b15d5 7108 8 2 photo
37.704334 -25.650496 9232685539 d9c35af500 5344 6 1f0c57bf98 jpg
37.686577 -25.652309 9235412626 fe7fbff8d7 5537 6 a9305ccdc5 jpg
