lat lon id secret server farm org.scrt fmt
37.374194 -96.184793 137053338 9f6ec8b941 54 1 e4bdeaa95f jpg
37.464197 -96.25431 137053624 7f413ac73f 52 1 7f413ac73f jpg
37.297578 -95.765032 1538583404 fc0adee377 2096 3 9a4449c4fb jpg
37.51404 -95.822228 2044911476 8808f6f2f9 2278 3 69fed31fea jpg
37.526957 -95.827968 2045681286 13f7f82f9a 2350 3 259 photo
37.527306 -95.827463 2045681422 fb6ff2d7e0 2263 3 257 photo
37.655447 -96.052597 2059993896 47dcd9be2c 2249 3 673c03587c jpg
37.655447 -96.052597 2059995944 172f8049a7 2408 3 cf2e2cf50b jpg
37.655447 -96.052597 2059996640 6753dcfb15 2062 3 6f70eaa15b jpg
37.374194 -96.184186 2355610975 ec84651899 2409 3 114 photo
37.374224 -96.184819 2356446474 471f275801 3188 4 146 photo
37.372706 -96.189395 239847372 8e724a9be5 82 1 298 photo
37.277203 -95.778164 2415443551 52bb940da7 2013 3 33 photo
37.277203 -95.778164 2415443623 e7d05a04c8 2188 3 8 photo
37.277203 -95.778164 2415443731 56d1f8773b 2302 3 15 photo
37.277203 -95.778164 2415443807 9ca095641c 3177 4 3 photo
37.277203 -95.778164 2415443859 79944dfa02 3220 4 8 photo
37.277203 -95.778164 2415443879 733918f123 3005 4 10 photo
37.277203 -95.778164 2415464879 88b3b4954d 3248 4 7 photo
37.277203 -95.778164 2415465523 a00f3aa69e 3047 4 7 photo
37.277203 -95.778164 2415465677 a2c7f8d486 3204 4 4 photo
37.277203 -95.778164 2415466049 d719b4b108 3193 4 5 photo
37.277203 -95.778164 2415466137 7ccdb33751 3270 4 4 photo
37.277203 -95.778164 2415466323 3c5c6f487c 2154 3 4 photo
37.277203 -95.778164 2415466413 d11b1f0b97 2138 3 3 photo
37.277203 -95.778164 2415466583 11bdd83722 2131 3 8 photo
37.277203 -95.778164 2416264216 996db1e1b3 2185 3 14 photo
37.277203 -95.778164 2416264274 8caff891b5 2167 3 37 photo
37.277203 -95.778164 2416264412 e51b07a24b 2295 3 4 photo
37.277203 -95.778164 2416264676 510b8a3e4b 3168 4 27 photo
37.277203 -95.778164 2416264754 d02694f3c3 2382 3 3 photo
37.277203 -95.778164 2416264894 a6cc2c9a42 3157 4 4 photo
37.277203 -95.778164 2416285174 66624c07fa 3053 4 13 photo
37.277203 -95.778164 2416285258 34f4d243a2 3289 4 3 photo
37.277203 -95.778164 2416285338 a6cb698a33 2207 3 8 photo
37.277203 -95.778164 2416285768 320f77fd9b 3189 4 5 photo
37.277203 -95.778164 2416285920 68bb1fa6f5 3218 4 4 photo
37.277203 -95.778164 2416286134 f9cd7f5208 3068 4 3 photo
37.277203 -95.778164 2416286356 9f9d6d8536 3024 4 3 photo
37.277203 -95.778164 2416286596 03f92cd1f0 2004 3 3 photo
37.277203 -95.778164 2543561851 24c59ef647 3010 4 15 photo
37.277203 -95.778164 2543561909 262306673f 3187 4 8 photo
37.277203 -95.778164 2543562115 ae8358635c 3006 4 35 photo
37.277203 -95.778164 2543562303 5a34e92084 3179 4 3 photo
37.277203 -95.778164 2543562385 ee09166a9e 3139 4 31 photo
37.277203 -95.778164 2543562771 b07f8c6457 3097 4 39 photo
37.277203 -95.778164 2543562999 9023bdab55 3008 4 3 photo
37.277203 -95.778164 2543563177 e58d038f14 3006 4 2 photo
37.277203 -95.778164 2543563241 10444c7b7e 2132 3 3 photo
37.277203 -95.778164 2543563305 a946044386 2297 3 3 photo
37.277203 -95.778164 2543563511 c7d5fa8b9c 2014 3 3 photo
37.277203 -95.778164 2543563551 624dbff2cb 3262 4 39 photo
37.277203 -95.778164 2543563719 c00893fbdd 3164 4 2 photo
37.277203 -95.778164 2543563763 bbce7e3f27 2159 3 3 photo
37.277203 -95.778164 2543563835 0e16714e93 3023 4 5 photo
37.277203 -95.778164 2543564051 2b997a8af8 3273 4 27 photo
37.277203 -95.778164 2543564087 88a9b59560 2151 3 5 photo
37.277203 -95.778164 2543564313 7107862929 3194 4 2 photo
37.277203 -95.778164 2543564417 5cfe2825e1 3124 4 25 photo
37.277203 -95.778164 2543564845 9032278867 3083 4 2 photo
37.277203 -95.778164 2543564895 9fed443fab 3108 4 9 photo
37.277203 -95.778164 2543564977 fa43844f02 2142 3 3 photo
37.277203 -95.778164 2544389580 fe817efaf7 2131 3 5 photo
37.277203 -95.778164 2544389614 b6e64333db 3090 4 6 photo
37.277203 -95.778164 2544390054 7924b45c3a 2150 3 9 photo
37.277203 -95.778164 2544390338 909bea31c9 2144 3 27 photo
37.277203 -95.778164 2544390370 d0497f9db5 3115 4 3 photo
37.277203 -95.778164 2544390584 21fbf90aa3 3101 4 4 photo
37.277203 -95.778164 2544390654 1cf0b2206f 3128 4 22 photo
37.277203 -95.778164 2544390980 7aa0ab2c5a 3120 4 11 photo
37.277203 -95.778164 2544391368 7b29a63eaf 3160 4 3 photo
37.277203 -95.778164 2544391418 564c587f2e 2172 3 3 photo
37.277203 -95.778164 2544391524 7cfae14ff5 3100 4 4 photo
37.277203 -95.778164 2544391662 6dc0a54750 2142 3 2 photo
37.277203 -95.778164 2544391698 db5ff76e3a 3064 4 2 photo
37.277203 -95.778164 2544391736 b128109ca9 3277 4 3 photo
37.277203 -95.778164 2544392000 d088d82330 3267 4 3 photo
37.277203 -95.778164 2544392122 347e2b3d16 3280 4 59 photo
37.277203 -95.778164 2544392412 ce283a5881 3280 4 3 photo
37.277203 -95.778164 2544392554 7ea6036016 3075 4 2 photo
37.277203 -95.778164 2544392748 efbe1e45ba 3127 4 2 photo
37.471835 -96.263451 255272121 a2c996bde1 111 1 267 photo
37.277203 -95.778164 2659063225 8b9f8aecb2 3103 4 16 photo
37.277203 -95.778164 2659063347 82d7ff07a0 3231 4 20 photo
37.277203 -95.778164 2659063531 4fa34348ef 2316 3 3 photo
37.277203 -95.778164 2659063605 a4b94fe606 3137 4 8 photo
37.277203 -95.778164 2659063725 09c84df19e 2242 3 4 photo
37.277203 -95.778164 2659063841 c67184b0af 3072 4 5 photo
37.277203 -95.778164 2659063947 69a588baf6 3121 4 30 photo
37.277203 -95.778164 2659890718 e0334d5939 3016 4 66 photo
37.277203 -95.778164 2659891334 b0cf110914 3169 4 3 photo
37.277203 -95.778164 2737542593 6336336964 3085 4 22 photo
37.277203 -95.778164 2737542621 27504af45c 3275 4 19 photo
37.533879 -95.82653 3195258935 61315f9068 3313 4 f0772d3995 jpg
37.533713 -95.826455 3196102486 9c3cc203b6 3115 4 f791a6bb10 jpg
37.620324 -95.938432 3343368692 593daa41aa 3360 4 95c11af38a jpg
37.374198 -96.184777 38878922 03e064c11c 22 1 03e064c11c jpg
37.533624 -95.829877 421690243 d6ca743c7d 155 1 135 photo
37.534164 -95.827302 421690270 4fc459f7db 168 1 381 photo
37.691003 -96.379929 6118956540 5ec4f235a5 6074 7 4edcf98b79 jpg
