lat lon id secret server farm org.scrt fmt
37.44103 -105.382919 222685189 d1fd8caaa9 88 1 d1fd8caaa9 jpg
37.427269 -105.430973 222685285 ae87dcae3d 96 1 ae87dcae3d jpg
37.434189 -105.148386 22743253 d00109ec1f 18 1 73 photo
37.575756 -105.501644 230413420 3246952dc3 89 1 3246952dc3 jpg
37.576793 -105.498361 230421044 95147efa6c 68 1 95147efa6c jpg
37.434189 -105.148386 23174436 4ae3282cd3 18 1 15 photo
37.434189 -105.148386 23174437 08e83354b3 17 1 39 photo
37.434189 -105.148386 23174438 97a1e8b471 19 1 21 photo
37.434189 -105.148386 23684627 3dadec1883 18 1 24 photo
37.434189 -105.148386 23957338 3fc9bd02e9 18 1 14 photo
37.434189 -105.148386 23957393 43bae39687 18 1 19 photo
37.434189 -105.148386 23957403 262d8b7f1c 18 1 13 photo
37.434189 -105.148386 23957410 0ee21cb777 18 1 15 photo
37.434189 -105.148386 23957421 1549fe2462 18 1 14 photo
37.434189 -105.148386 23957425 cb637e6800 18 1 21 photo
37.434189 -105.148386 23957431 35a8823ae1 18 1 29 photo
37.434189 -105.148386 258186938 5addb1b21f 120 1 143 photo
37.434189 -105.148386 258187135 bf16a59ad7 112 1 38 photo
37.434189 -105.148386 258187400 7011008241 115 1 36 photo
37.434189 -105.148386 258187612 20a9681108 94 1 110 photo
37.434189 -105.148386 258187820 e3fd0741bb 93 1 42 photo
37.434189 -105.148386 258188075 8b6c619ed0 95 1 36 photo
37.434189 -105.148386 258188308 465b56358b 118 1 79 photo
37.434189 -105.148386 258188543 e0f25c374d 92 1 70 photo
37.434189 -105.148386 258188854 19370f8a49 94 1 68 photo
37.434189 -105.148386 258189440 df54682708 120 1 33 photo
37.434189 -105.148386 258189717 4efdcf4d46 102 1 68 photo
37.434189 -105.148386 258190229 b34d1fccc4 109 1 56 photo
37.434189 -105.148386 27254612 8940422a28 21 1 49 photo
37.560206 -105.701587 279501479 fba12f6c61 115 1 fba12f6c61 jpg
37.434189 -105.148386 27985714 dfba965d07 21 1 11 photo
37.434189 -105.148386 28094140 814ac59fc8 23 1 50 photo
37.434189 -105.148386 28230608 d16a1dc3c4 22 1 41 photo
37.434189 -105.148386 28230609 d97ae642b2 22 1 35 photo
37.658889 -105.213889 32130479 cf11c0305d 23 1 19 photo
37.658889 -105.213889 32130574 e6abeea4b4 22 1 104 photo
37.568611 -105.311667 32130964 7c264cb009 21 1 20 photo
37.568611 -105.311667 32131324 2b1d031395 23 1 78 photo
37.568611 -105.311667 32131364 81a130a715 22 1 20 photo
37.426777 -105.526145 3573885247 95f271e1c8 3565 4 1b0985e450 jpg
37.428617 -105.528109 3574682246 3872219238 3057 4 4fb676a8db jpg
37.428622 -105.528119 3574682262 3387f9cddd 3338 4 fcf7193b64 jpg
37.428634 -105.528141 3574682290 827873c63b 3586 4 df791e4fdd jpg
37.428656 -105.52813 3574682326 2eb8a27b29 3335 4 43bf5f1f54 jpg
37.428856 -105.528752 3574691892 990e43ac41 3663 4 a572269aaf jpg
37.428255 -105.526896 3574691962 4ab680f84b 3553 4 29448a115b jpg
37.434189 -105.148386 36526856 9047442a30 24 1 11 photo
37.434189 -105.148386 36526859 8390703cd1 26 1 23 photo
37.434189 -105.148386 36526886 21c189f594 25 1 21 photo
37.434189 -105.148386 36526895 758b413bb4 22 1 27 photo
37.434189 -105.148386 36526913 31413d6721 25 1 14 photo
37.434189 -105.148386 36526918 2839de2c03 28 1 9 photo
37.434189 -105.148386 36526942 f511357b0d 24 1 19 photo
37.434189 -105.148386 41155577 ff1e8216b8 24 1 13 photo
37.434189 -105.148386 41155595 0ff470547b 24 1 15 photo
37.434189 -105.148386 41155602 a21d52843f 26 1 25 photo
37.434189 -105.148386 41155650 a0bb816c91 24 1 21 photo
37.675124 -105.578614 4354316639 0c82e20074 4065 5 0 photo
37.675124 -105.578614 4354317017 a1a58be767 2709 3 0 photo
37.675124 -105.578614 4354317565 dca113ba4c 2750 3 1 photo
37.675124 -105.578614 4354419789 7abd1fd253 2691 3 1 photo
37.675124 -105.578614 4354588353 f14a96f302 4049 5 2 photo
37.675124 -105.578614 4354592253 23446399a8 2768 3 1 photo
37.675124 -105.578614 4354595885 b42d4a80dc 4037 5 1 photo
37.675124 -105.578614 4354599285 e85f061cb9 4042 5 3 photo
37.675124 -105.578614 4355056668 890de5fe38 2753 3 0 photo
37.675124 -105.578614 4355059842 49aa7a7f81 4019 5 0 photo
37.675124 -105.578614 4355153974 41f0b44af1 4072 5 2 photo
37.675124 -105.578614 4355336228 be81e46a05 4018 5 2 photo
37.675124 -105.578614 4355337358 9a6115364f 4056 5 3 photo
37.675124 -105.578614 4355339586 f1d7ca5e22 4007 5 1 photo
37.675124 -105.578614 4355340986 9954c69df6 2513 3 1 photo
37.675124 -105.578614 4355343272 2334561d50 2796 3 1 photo
37.434189 -105.148386 5724695 75ea9a1a28 6 1 29 photo
37.434189 -105.148386 5724696 7d7a3c9307 3 1 87 photo
37.434189 -105.148386 5724697 c3d49b2004 4 1 71 photo
37.434189 -105.148386 5724713 a3474211ff 3 1 39 photo
37.434189 -105.148386 5724737 3fb2d09e8d 3 1 25 photo
37.434189 -105.148386 5724757 2cfb0d0dfa 3 1 18 photo
37.434189 -105.148386 5724768 22744c1be7 4 1 53 photo
37.434189 -105.148386 5724780 3db73b9645 6 1 40 photo
37.434189 -105.148386 5724789 220682cbf1 4 1 37 photo
37.434189 -105.148386 5724793 a5186b8a28 4 1 51 photo
37.434189 -105.148386 5724798 0dbd28f14b 4 1 14 photo
37.434189 -105.148386 5724799 2836e41efe 6 1 31 photo
37.434189 -105.148386 5724807 1895d051d6 3 1 24 photo
37.434189 -105.148386 5724811 7d141ee055 6 1 45 photo
37.434189 -105.148386 5724817 845393777b 3 1 84 photo
37.434189 -105.148386 5724819 fffb754faf 6 1 31 photo
37.434189 -105.148386 5724824 68e960ea69 4 1 31 photo
37.434189 -105.148386 5724836 3404e2a1b2 3 1 94 photo
37.434189 -105.148386 5724842 db19dbf8e4 3 1 46 photo
37.434189 -105.148386 5724853 f3bf43b167 4 1 24 photo
37.434189 -105.148386 5724869 95143f9c99 4 1 46 photo
37.434189 -105.148386 5724876 73733802d5 4 1 227 photo
37.434189 -105.148386 5724878 232aadfb6a 4 1 37 photo
37.434189 -105.148386 5724880 ab91414f5e 3 1 20 photo
37.589206 -105.202503 6153098851 a44ae0c129 6185 7 2695865be6 jpg
37.54094 -105.059638 88442498 ab6b391412 13 1 1210 photo
37.54094 -105.059638 93392965 f9897d6d51 30 1 181 photo
