lat lon id secret server farm org.scrt fmt
37.612333 -23.082 2875320753 78079ea18a 3083 4 15 photo
37.612333 -23.082 2875320983 c762c9b634 3126 4 8 photo
37.612333 -23.082 2875321405 e4501a3c07 3085 4 17 photo
37.335667 -23.348167 2875324619 2710c741c4 3028 4 130 photo
37.335667 -23.348167 2875324845 ce3cb3c0b6 3177 4 24 photo
37.335667 -23.348167 2875325459 935f8da2a1 3252 4 72 photo
37.612333 -23.082 2876148110 74ca5b059f 2019 3 14 photo
37.706833 -23.382 2876149642 88faa6518b 3147 4 23 photo
37.335667 -23.348167 2876151326 3a297a1466 2367 3 22 photo
37.335667 -23.348167 2876151476 ec4f73b884 3159 4 53 photo
37.335667 -23.348167 2876152018 78bd03ee28 3062 4 19 photo
37.562167 -22.800167 2876153812 56df57a05f 3209 4 74 photo
37.562167 -22.800167 2876154034 bd9a807fb8 3155 4 29 photo
37.562167 -22.800167 2876154232 1abe5487f0 3171 4 34 photo
