lat lon id secret server farm org.scrt fmt
37.438997 106.967519 400815172 16f436fc23 154 1 16f436fc23 jpg
37.438997 106.967519 400829384 aa3d4a09f2 174 1 aa3d4a09f2 jpg
37.452638 106.665177 402551673 0be6afb9c1 154 1 0be6afb9c1 jpg
37.535594 106.563091 5234186372 b20e891451 5126 6 9096ee3ca3 jpg
37.365666 106.969333 8333240514 4a5eaf4d25 8363 9 9 photo
37.366816 106.969533 8340785967 b29c9df736 8499 9 8 photo
37.366466 106.9695 8340788541 d3f219877e 8072 9 9 photo
37.365883 106.969466 8340790627 5a3f2e7898 8356 9 9 photo
37.2771 107.017166 8341054609 b2112916f1 8353 9 9 photo
37.2808 107.0147 8341059523 83af8f933e 8223 9 37 photo
37.39555 106.968683 8341070385 9ce4a1df3e 8362 9 25 photo
37.439916 106.960666 8341077457 76d841c063 8212 9 11 photo
37.441033 106.942483 8341083623 ed7a751461 8211 9 10 photo
37.441116 106.939766 8341086501 6a6142373e 8211 9 11 photo
37.441116 106.939766 8341089047 f682bc23b7 8499 9 12 photo
37.450683 106.679516 8341251989 82293d1042 8354 9 19 photo
37.426933 106.595383 8341272283 5c4f62cab4 8216 9 27 photo
37.427516 106.58945 8341277427 40342de4ca 8354 9 35 photo
37.427266 106.584633 8341282291 53392a0646 8078 9 28 photo
37.422433 106.529333 8341295971 946ac2ba0c 8497 9 38 photo
37.371583 106.969366 8341841444 7b902904e2 8362 9 9 photo
37.365866 106.969466 8341851982 12bb3a7572 8216 9 9 photo
37.36475 106.969416 8341855628 21a031c4d2 8359 9 9 photo
37.357266 106.969833 8342121762 d8ea114186 8494 9 11 photo
37.357966 106.969833 8342125414 580e6355e3 8493 9 8 photo
37.436883 106.969833 8342133736 a4c8c4ce6e 8503 9 11 photo
37.441033 106.942533 8342139598 6b5951944a 8222 9 10 photo
37.450433 106.679933 8342313100 5a9bd28f86 8080 9 34 photo
37.445066 106.669433 8342316174 812b89217b 8357 9 32 photo
37.441383 106.6539 8342319890 760b7045db 8074 9 29 photo
37.4411 106.6495 8342324488 52f9664e56 8224 9 29 photo
37.4285 106.580249 8342344754 15117c7ac5 8495 9 41 photo
37.428916 106.57885 8342349148 de7f2907f1 8499 9 38 photo
37.549333 106.612166 8569017956 97f6a2e18d 8512 9 5923d2312a jpg
