lat lon id secret server farm org.scrt fmt
37.393415 24.394454 1350870853 08414d0c27 1117 2 7 photo
37.393415 24.394454 1350876469 a9b81f3d37 1327 2 15 photo
37.393415 24.394454 1350879823 9b7a8cd76e 1254 2 48 photo
37.393415 24.394454 1350889317 5b51b08675 1268 2 10 photo
37.393415 24.394454 1351752866 ab6a339c45 1370 2 22 photo
37.393415 24.394454 1351761954 de584e0c81 1191 2 10 photo
37.393415 24.394454 1351784096 a0ba9e3c16 1160 2 26 photo
37.666683 24.314063 145646995 d5af22defa 52 1 d5af22defa jpg
37.658343 24.31519 150610606 853ef97b74 47 1 853ef97b74 jpg
37.603889 24.272344 2397903836 3553c584a6 3240 4 2d9843a6c7 jpg
37.387975 24.396917 243903163 3bac4ad54c 89 1 39 photo
37.445498 24.428266 243903185 383068b020 88 1 53 photo
37.390835 24.39667 243903207 2c1b291b02 83 1 74 photo
37.512247 24.505188 2613207237 10ce1c223f 3264 4 8e9e4a5554 jpg
37.509094 24.43033 2614037424 64c3c10bc5 3209 4 26502cc04e jpg
37.509175 24.434366 2614038984 4e283c9c27 3263 4 186f243a9c jpg
37.526344 24.814863 2614041784 0a8f3347df 3196 4 2b79aaea19 jpg
37.525013 24.852558 2614043250 83dee308cb 3216 4 ca352e8b8e jpg
37.525811 24.835008 2673114369 19273547bf 3053 4 b780794eb8 jpg
37.580449 24.276781 2682308560 cd2676d90c 3155 4 5646710bf6 jpg
37.644956 24.295234 2727992663 a72f673f17 3074 4 fdb93db7ed jpg
37.644956 24.295234 2727993369 03e0e7dca1 3070 4 f7ece5bfd6 jpg
37.644956 24.295234 2727993803 e3e4df6ab0 3232 4 4133f70e22 jpg
37.644956 24.295234 2727994817 88ec9ac244 3269 4 6fc3fd404f jpg
37.644956 24.295234 2727995523 563ecdefb8 3049 4 c17a7c7bd3 jpg
37.644956 24.295234 2727997399 8cb002bca2 3219 4 3d99f9f8e4 jpg
37.644956 24.295234 2727998399 417b443d1a 3137 4 0cbb4bc5d0 jpg
37.644956 24.295234 2728818782 0f94f060a3 3296 4 9147d48cd6 jpg
37.644956 24.295234 2728818978 02dee35acb 3055 4 89501d48d7 jpg
37.644956 24.295234 2728819538 79682b58a2 3080 4 6f7147c36f jpg
37.644956 24.295234 2728820028 43154f8bbe 3100 4 a510b9d86f jpg
37.644956 24.295234 2728820228 8f513c57da 3197 4 9010c687ff jpg
37.644956 24.295234 2728820424 4fb36100b4 3048 4 b984715133 jpg
37.644956 24.295234 2728820660 2923d3661b 3182 4 b1b3c6804c jpg
37.644956 24.295234 2728821166 f5807ef0de 3150 4 58b7546b04 jpg
37.644956 24.295234 2728821848 cefe2afdfa 3081 4 3fe918df8e jpg
37.644956 24.295234 2728822356 86ee36acd4 3292 4 edde200e55 jpg
37.644956 24.295234 2728822582 4326d6307f 3110 4 65219a1050 jpg
37.644956 24.295234 2728822726 e52b86d2b8 3043 4 1068eed1ba jpg
37.644956 24.295234 2728823072 c06081f814 3208 4 90709fe5fa jpg
37.644956 24.295234 2728823828 bab4afb145 3115 4 d7a0bde21f jpg
37.644956 24.295234 2728824164 6ac3a047c2 3114 4 0156bb83a1 jpg
37.570186 24.853 2764149764 be48b79ddb 2416 3 1082 photo
37.275902 24.820861 3009182579 d7cff9a6b2 3242 4 c755449366 jpg
37.388423 24.396836 4312678898 f068afb49a 4014 5 3fb55c63fd jpg
37.518889 24.28929 712433753 a447b29aa6 1022 2 8 photo
37.518997 24.295878 712435069 677ce4670c 1292 2 6 photo
37.519147 24.313387 712438043 829b582d41 1257 2 5 photo
37.520627 24.3754 712442795 6da21dca78 1251 2 5 photo
37.521443 24.425504 712448093 aa08f25bc1 1099 2 6 photo
37.521615 24.430696 712449635 c604004311 1312 2 8 photo
37.521958 24.443786 712451319 17caf19598 1436 2 5 photo
37.522516 24.463269 712455409 429385f8f6 1166 2 5 photo
37.522666 24.468891 712458131 4580eb8dfb 1030 2 6 photo
37.522966 24.481401 712459575 39cb37a883 1410 2 8 photo
37.517774 24.286866 713309510 4ddd95fab6 1197 2 5 photo
37.519083 24.302079 713313816 a1827b2bce 1403 2 5 photo
37.519147 24.313387 713316684 f8bd46bf6f 1346 2 6 photo
37.520241 24.361753 713318482 0c0afde268 1298 2 10 photo
37.521014 24.396429 713321082 26c3039f5b 1099 2 8 photo
37.521121 24.409732 713322416 947ca609f7 1322 2 7 photo
37.521228 24.416942 713323772 6de1a93cfd 1134 2 4 photo
37.522237 24.453055 713329986 bb97e8988c 1161 2 10 photo
37.522366 24.457862 713331354 f85a63c633 1205 2 8 photo
37.522666 24.468891 713334018 c09a671426 1343 2 7 photo
37.522966 24.481401 713338100 dc9db8edaf 1021 2 8 photo
37.6936 24.60388 8337402311 08a5e056bb 8353 9 0 photo
37.6936 24.60388 8337406007 27149cc19d 8496 9 0 photo
37.6936 24.60388 8337406605 8443b845f9 8500 9 0 photo
37.6936 24.60388 8337407959 7b24a2458c 8213 9 0 photo
37.6936 24.60388 8337409291 0edfdbaf55 8497 9 1 photo
37.6936 24.60388 8337409927 9fa6003fb7 8084 9 2 photo
37.514083 24.201508 8337708537 a6677fca45 8213 9 0 photo
37.514083 24.201508 8337709151 2ba683c2fe 8361 9 6 photo
37.514083 24.201508 8337711303 73268c6c9b 8220 9 5 photo
37.514083 24.201508 8337712089 23f8767788 8082 9 1 photo
37.514083 24.201508 8337712827 94673531d5 8076 9 1 photo
37.514083 24.201508 8337714355 731975fe69 8492 9 2 photo
37.514083 24.201508 8337715083 7efd3f690d 8217 9 6 photo
37.514083 24.201508 8337718077 a62427bd73 8216 9 5 photo
37.514083 24.201508 8337719057 dcee051b0e 8080 9 0 photo
37.514083 24.201508 8337719753 33b43bf8c1 8075 9 5 photo
37.514083 24.201508 8337720647 13ec92c8f7 8491 9 0 photo
37.6936 24.60388 8338458588 882b76dd48 8071 9 3 photo
37.6936 24.60388 8338460006 b39ca36862 8496 9 0 photo
37.6936 24.60388 8338461458 fe4f585570 8500 9 0 photo
37.6936 24.60388 8338462166 7e06a73b77 8220 9 0 photo
37.6936 24.60388 8338462878 91af5fb027 8078 9 1 photo
37.6936 24.60388 8338463668 ffb28a5d9a 8082 9 0 photo
37.6936 24.60388 8338465726 27d50369b8 8361 9 0 photo
37.6936 24.60388 8338467004 619529e6bb 8500 9 1 photo
37.6936 24.60388 8338469028 085181d378 8354 9 1 photo
37.514083 24.201508 8338767254 beca1bba03 8083 9 0 photo
37.514083 24.201508 8338767882 1d1547f2a3 8500 9 0 photo
37.514083 24.201508 8338769932 2abd0b08a4 8075 9 0 photo
37.514083 24.201508 8338770608 02e85e7be6 8494 9 0 photo
37.514083 24.201508 8338773774 39d54c9df7 8083 9 1 photo
37.514083 24.201508 8338777644 beecd392ee 8356 9 0 photo
37.514083 24.201508 8338781670 627e9034f8 8503 9 0 photo
37.514083 24.201508 8338782702 6ba1e022d0 8220 9 1 photo
