lat lon id secret server farm org.scrt fmt
37.631566 26.160078 131511935 63d59b7070 47 1 6ab55d4cba jpg
37.5805 26.12051 172194945 ae9e4ddcb5 54 1 ae9e4ddcb5 jpg
37.629867 26.100769 184032030 161e29bff1 55 1 161e29bff1 jpg
37.631923 26.094567 1858866096 3cf7a638cb 2276 3 128 photo
37.630683 26.098108 188951078 29d646e930 46 1 29d646e930 jpg
37.537703 26.049871 2100779742 35d6452046 2086 3 b2907b8332 jpg
37.59084 26.06184 213478127 8b43c66446 87 1 84c4fb57e7 jpg
37.640878 26.154499 253477177 0a81fa3523 118 1 0a81fa3523 jpg
37.631015 26.103105 260013024 2ef1704c8e 94 1 2ef1704c8e jpg
37.61208 26.296405 2746136911 8fe3782121 3046 4 f390f0343a jpg
37.612222 26.296322 2746137757 830572ac11 3171 4 ea73c94fa9 jpg
37.575926 26.094568 2853794722 05ec0cacb0 3065 4 49 photo
37.568868 26.094761 2858793687 e30875b018 3263 4 78 photo
37.568936 26.082745 2859622442 ee01dfbfc4 3291 4 90 photo
37.599561 26.065536 2865210332 397388d1c8 3270 4 79 photo
37.619161 26.073475 2865210396 c5233c1691 3170 4 62 photo
37.606412 26.120574 2878573398 caea094b7e 3114 4 218 photo
37.60047 26.100737 2884525791 10a0b22e94 3074 4 92 photo
37.6003 26.10098 2920488343 bff53662f9 3173 4 105 photo
37.6003 26.10098 2963253591 3d4c00a8e0 3041 4 93 photo
37.563409 26.049056 3007822448 f0be582d96 3204 4 128 photo
37.563409 26.049056 3007822450 f658672a74 3029 4 59 photo
37.547572 26.038692 3007822456 632e383a56 3197 4 81 photo
37.599884 26.093237 3007826810 2c7171cc2f 3144 4 51 photo
37.601108 26.096628 3021130799 31c669c025 3171 4 83 photo
37.601346 26.097937 3021962224 fc191767ac 3029 4 56 photo
37.601958 26.101187 3021962266 3900b9b237 3273 4 85 photo
37.630241 26.095855 3094385726 b2c9c90bab 3060 4 18d7c59cd8 jpg
37.59084 26.06184 3589306127 e8be6d9c5c 3407 4 88b7222c50 jpg
37.594035 26.067895 3590121726 948bbe3fb4 3327 4 c5d27119d8 jpg
37.588094 26.065905 3611802270 5d3c5e400c 3620 4 bc8ac90d5c jpg
37.630574 26.086762 3611803168 aa0ccf106c 3327 4 9f174a9d3a jpg
37.613153 26.067107 3613334359 71d3e88efc 3361 4 24a57de30b jpg
37.681291 26.360669 3614154444 b99b17095a 3417 4 d5d381de8b jpg
37.633529 26.215825 3839953549 75273f0af4 2538 3 501 photo
37.622648 26.059398 3845211902 731c58ab2b 3532 4 690 photo
37.616713 26.062145 3867705014 216bd4084f 2593 3 294 photo
37.622117 26.238784 3867831563 191845b2d5 3521 4 6d2285814a jpg
37.624166 26.110333 3892744379 a8c96f6c03 2447 3 786cee299a jpg
37.629175 26.091094 3908855703 8cb0f58bbb 2556 3 4 photo
37.633055 26.088086 3908856137 15dc11dbe9 2487 3 5 photo
37.634169 26.088194 3908857711 5a02e71092 2551 3 55 photo
37.634413 26.088297 3908859511 a1f78db8e8 2637 3 8 photo
37.634327 26.088341 3908859961 6944cb15ab 2488 3 3 photo
37.633841 26.088566 3908860967 610a1bba34 2588 3 4 photo
37.633811 26.088547 3908861809 349b31fbaf 2517 3 5 photo
37.633811 26.088547 3908862169 9b19b233e3 3458 4 4 photo
37.633811 26.088547 3908863225 ef8c323596 3518 4 7 photo
37.62238 26.059277 3908870757 f72df1b23e 2485 3 7 photo
37.62238 26.059277 3908871255 a67e46d531 2605 3 12 photo
37.62238 26.059277 3908872945 93e26259b5 2626 3 84 photo
37.62238 26.059277 3908873755 62c110c3bd 2511 3 159 photo
37.630497 26.092236 3908876405 4f2f326886 2476 3 7 photo
37.630497 26.092236 3908876661 58ed0cdfa1 2600 3 7 photo
37.630372 26.105627 3908877089 b4b3bbe2e6 3485 4 60 photo
37.630372 26.105627 3908878007 4323016028 2482 3 3 photo
37.630372 26.105627 3908878429 f7b0e1bd40 2607 3 4 photo
37.630372 26.105627 3908878711 1ee7e6fb1a 2450 3 4 photo
37.630372 26.105627 3908879885 8122e282d1 2513 3 8 photo
37.630372 26.105627 3908880261 64a9ec03b8 3442 4 3 photo
37.62238 26.059277 3908880577 692c7a36b1 2449 3 173 photo
37.622111 26.059086 3908880835 4ae6a11542 2494 3 4 photo
37.622097 26.059111 3908883019 3ce54461e3 2453 3 2 photo
37.633738 26.087727 3909638734 6e50266425 2511 3 5 photo
37.633836 26.087794 3909639184 cf0d4fa4a9 3462 4 6 photo
37.634077 26.088177 3909639568 29d4db41d9 3477 4 15 photo
37.634366 26.088183 3909640490 c0011c985b 2547 3 7 photo
37.634444 26.088269 3909641266 4ca99c882e 2642 3 60 photo
37.634138 26.088324 3909642504 40af9df5c3 2642 3 6 photo
37.633813 26.088566 3909643594 478b54a9dc 3464 4 5 photo
37.633811 26.088547 3909644710 0d03f64e90 3532 4 5 photo
37.633811 26.088547 3909644960 63baf2b725 2660 3 5 photo
37.633811 26.088547 3909645664 852c082c8c 2668 3 7 photo
37.630497 26.092236 3909648834 d9a3629277 2448 3 5 photo
37.630497 26.092236 3909649124 2dd47e3ce7 2613 3 6 photo
37.630497 26.092236 3909649444 daa85a4043 2576 3 6 photo
37.62238 26.059277 3909653856 8e80ef48cc 3261 4 65 photo
37.62238 26.059277 3909654234 8c8a1759ef 2563 3 8 photo
37.62238 26.059277 3909654690 7a27fa8fbc 2493 3 5 photo
37.62238 26.059277 3909655526 f700deff3b 2616 3 10 photo
37.62238 26.059277 3909656276 b61eb5e619 3497 4 5 photo
37.62238 26.059277 3909656706 10518ae1b0 2565 3 5 photo
37.62238 26.059277 3909657178 10109cf986 2433 3 110 photo
37.633622 26.088188 3909657584 5d76cb52a9 2590 3 6 photo
37.630497 26.092236 3909658274 286c8701fc 3470 4 104 photo
37.630372 26.105627 3909659616 3289f341e4 3535 4 6 photo
37.630372 26.105627 3909659830 9c963940a1 2488 3 4 photo
37.630372 26.105627 3909661712 24f29da719 2441 3 3 photo
37.622111 26.059086 3909664074 938f633569 2533 3 3 photo
37.622097 26.059111 3909664852 7f8ca9e13e 2575 3 3 photo
37.635109 26.087357 4143465523 6cbd9afbf9 2736 3 419 photo
37.622111 26.059086 4228252287 bf5eb9b63e 4057 5 190 photo
37.629175 26.091094 4247436595 df18f4b663 2765 3 110 photo
37.62238 26.059277 4247440829 fc6127075f 4071 5 68 photo
37.631915 26.076607 4489624274 122bd6556b 4044 5 91 photo
37.633945 26.088066 5912116239 fd5b57cb60 6028 7 e5c35b037e jpg
37.634663 26.086365 6350679932 eddbe9c718 6108 7 0af35e9ccc jpg
37.629051 26.183767 7355302114 3b530b4305 7226 8 927d322977 jpg
37.61231 26.295518 8066254011 07cbd3d9aa 8173 9 fc35c9e256 jpg
37.637888 26.295604 85365568 6698cadd55 42 1 6698cadd55 jpg
