lat lon id secret server farm org.scrt fmt
37.360137 -6.678979 176115474 09059b3565 59 1 09059b3565 jpg
37.360188 -6.679129 176115476 a877213081 46 1 a877213081 jpg
37.266274 -6.946374 2341572368 c12cdc8d7b 3090 4 341d9b6f7d jpg
37.643931 -6.853453 2771588102 a4cc00b251 3087 4 b365c8e8ba jpg
37.277267 -7.005211 307787741 70cdd3a402 117 1 1135 photo
37.277267 -7.005211 307787748 609b3bcf36 112 1 1153 photo
37.265519 -6.957628 335625098 47a6ed7643 159 1 738 photo
37.361873 -6.679118 3381994821 fc3981d4d7 3569 4 7 photo
37.361907 -6.677724 3381995105 bc2b0eb803 3475 4 3 photo
37.365633 -6.68194 3381996043 889b7a8814 3422 4 2 photo
37.362427 -6.67855 3381997027 a8535d76bd 3579 4 6 photo
37.362205 -6.678099 3381997493 4a79f23278 3432 4 10 photo
37.362427 -6.67855 3381998127 bea4b94e57 3580 4 4 photo
37.362124 -6.677777 3381999039 2536ca453f 3579 4 3 photo
37.362124 -6.677777 3381999131 37cee90a8d 3443 4 3 photo
37.361873 -6.679118 3382812388 fd37323a75 3423 4 6 photo
37.361907 -6.677724 3382812456 95ef4bec44 3585 4 4 photo
37.365633 -6.68194 3382813172 2020dcc724 3638 4 1 photo
37.365633 -6.68194 3382813262 703cd329c3 3465 4 1 photo
37.362427 -6.67855 3382815118 dc2909fdef 3617 4 3 photo
37.362427 -6.67855 3382815256 e38561bf04 3588 4 3 photo
37.362124 -6.677777 3382816664 03bc7664d7 3614 4 0 photo
37.364316 -6.681661 3388955691 aa6d048b24 3632 4 0 photo
37.364785 -6.683034 3388956683 be4bc7a536 3624 4 0 photo
37.364785 -6.683034 3388956859 abf3b4fc09 3417 4 0 photo
37.364785 -6.683034 3388957131 df27941c03 3664 4 0 photo
37.364785 -6.683034 3388957365 3e0fb4d09b 3600 4 0 photo
37.364785 -6.683034 3388957595 1f6fb84c13 3425 4 0 photo
37.361869 -6.678094 3388958027 099ef872dd 3451 4 5 photo
37.364316 -6.681661 3389766358 f5c7efd42a 3549 4 0 photo
37.366525 -6.68238 3389766616 e26f566929 3564 4 1 photo
37.364785 -6.683034 3389766836 5984f71a47 3625 4 0 photo
37.361869 -6.678094 3389768222 6fedc04e88 3652 4 0 photo
37.556771 -6.731513 3409459415 38d157962d 3358 4 12 photo
37.560305 -6.71446 3409460153 70ffc1c51d 3627 4 14 photo
37.559803 -6.71093 3409460409 2c054e49d7 3568 4 11 photo
37.558412 -6.710656 3409460661 7d90e5574a 3638 4 9 photo
37.559458 -6.709095 3410270140 1446683ab6 3316 4 4 photo
37.557851 -6.712448 3410270286 05d7dc0102 3301 4 14 photo
37.560339 -6.715339 3410270990 d359996913 3381 4 6 photo
37.558472 -6.712024 3410271086 a271111377 3578 4 4 photo
37.558812 -6.712287 3410271168 b2150d7df3 3337 4 12 photo
37.558939 -6.71108 3410271306 7f595f0f47 3307 4 12 photo
37.606463 -6.667231 3418295529 0f396b20c7 3580 4 8 photo
37.605732 -6.665354 3418295603 9a8bc1be61 3304 4 1 photo
37.607058 -6.667328 3418295775 da0d0dc102 3548 4 2 photo
37.606514 -6.665965 3418295833 fdb3853e57 3602 4 4 photo
37.605086 -6.660075 3418296531 9c1b370faf 3375 4 2 photo
37.604117 -6.661234 3418296863 30f4a2e783 3195 4 2 photo
37.606608 -6.661609 3418297047 63960c290d 3631 4 22 photo
37.595872 -6.844885 3418361149 3a897eea7b 3603 4 1 photo
37.60631 -6.660354 3419105618 757b8ae65e 3616 4 3 photo
37.606693 -6.65926 3419106560 0ae3a34c77 3554 4 3 photo
37.596939 -6.844922 3419171072 cfcf3ee35f 3598 4 3 photo
37.5956 -6.844788 3419171698 e990c4e1db 3607 4 2 photo
37.595179 -6.844718 3419171804 a397b1d91e 3623 4 2 photo
37.595285 -6.844847 3419172168 06c6d3249f 3606 4 6 photo
37.594945 -6.844418 3419172530 0c7f39afc3 3607 4 5 photo
37.271892 -6.92424 3461781001 a3a9edb4ae 3651 4 84 photo
37.283138 -7.154979 3503306627 07a39a91eb 3542 4 42d132fb8f jpg
37.283138 -7.154979 3503307171 5f8d90028e 3602 4 729efc1bb7 jpg
37.283138 -7.154979 3504115614 7700b46be9 3412 4 0f2f03ffc3 jpg
37.359387 -6.682734 3567297863 b6f1de3bb2 2449 3 0 photo
37.35885 -6.68157 3567302283 1c6aac6905 3563 4 2 photo
37.321796 -6.683045 356889437 f82b455ef4 129 1 359 photo
37.276648 -6.943284 381956705 a086a03ca6 134 1 2762 photo
37.276648 -6.943284 383905046 75cf8c0cc4 186 1 794 photo
37.267884 -6.962424 400036738 7021a4acf4 128 1 1296 photo
37.36244 -6.679644 4196584097 6279226bd2 2739 3 7f0e1e5ba8 jpg
37.36244 -6.679644 4196584749 58e611a912 2594 3 ac2068ed07 jpg
37.270479 -6.924734 424464793 4a38d7c1d7 164 1 8e384ae40b jpg
37.270479 -6.924734 424464804 40bedadfef 159 1 be79ca92d6 jpg
37.270398 -6.925227 424464811 fdac1f4dde 153 1 3c640a67ac jpg
37.270501 -6.924991 424464850 50c5b5b209 163 1 25f7d86a91 jpg
37.364934 -6.674135 4382749285 06a2a64019 4020 5 1 photo
37.364849 -6.673958 4382749593 fe6a891402 4012 5 2 photo
37.364333 -6.675353 4382750919 943fd44a91 2692 3 1 photo
37.36259 -6.678679 4382751523 278ef162ff 4023 5 5 photo
37.363758 -6.675069 4382751911 5cd5d23cac 2687 3 7 photo
37.365054 -6.674564 4383507480 74d3c9bcda 2774 3 1 photo
37.36496 -6.674345 4383507906 5b89b0bb5c 4067 5 1 photo
37.364785 -6.673706 4383508804 39b2e82b77 2752 3 3 photo
37.36464 -6.673164 4383509048 6c290b9d0e 4027 5 1 photo
37.364845 -6.674811 4383509596 4e756baef6 4069 5 6 photo
37.601949 -7.116769 461305409 e27ed5d60f 216 1 281 photo
37.267884 -6.962424 486409831 7b2aecf1e3 189 1 1116 photo
37.277348 -6.930999 519513720 f80a9d0430 208 1 34 photo
37.275828 -6.839643 56086394 9abc177129 31 1 299 photo
37.277617 -6.94337 561166466 f962c5e04c 1259 2 eb70d7fc35 jpg
37.272183 -6.94971 5613180954 7e54edd710 5069 6 753bd8a40b jpg
37.267811 -6.962456 5613180968 3f2d88c89e 5107 6 3131b75360 jpg
37.266881 -6.833496 6413739491 dbec79e2f1 7027 8 28a054fe74 jpg
37.266266 -6.831951 6413747989 5ddb55cb6f 6214 7 e437d229e6 jpg
37.283166 -7.155 7164214720 9fd7295250 7241 8 d86a809544 jpg
37.283166 -7.155 7189187175 fe66c37904 5468 6 553f2d7391 jpg
37.283166 -7.155 7301294056 3481f87685 8022 9 90b3dca410 jpg
37.283166 -7.155 8102351231 61500367a3 8183 9 8a406e6005 jpg
37.270683 -6.959734 8322875211 6f465c60dc 8357 9 42aeec7e13 jpg
37.270433 -6.959445 8323936622 a57ac964a9 8500 9 f6619c3b73 jpg
37.270535 -6.946642 8431747463 69e0e4021a 8046 9 100101b33e jpg
