lat lon id secret server farm org.scrt fmt
37.55199 -89.346603 117654355 2772aa8ccd 42 1 1810 photo
37.55199 -89.346603 117661090 02f4457435 49 1 259 photo
37.55199 -89.346603 117661091 a64dc797a8 41 1 253 photo
37.55199 -89.346603 139961457 4504604385 46 1 279 photo
37.55199 -89.346603 139961519 d0b12acc6f 55 1 152 photo
37.55199 -89.346603 139962259 e3ac33a45a 44 1 82 photo
37.642148 -89.097205 237330340 5fe465d84e 93 1 5fe465d84e jpg
37.278423 -89.184941 2374468932 1da4208341 2088 3 168 photo
37.278423 -89.184941 2374470588 1762a42c15 3059 4 191 photo
37.284365 -88.858731 2775885621 62e5fc577a 3085 4 53 photo
37.284365 -88.858731 2775998765 a132174828 3225 4 51 photo
37.284365 -88.858731 2776000079 430292542d 3108 4 57 photo
37.284365 -88.858731 2776000867 92e62da06a 3120 4 82 photo
37.284365 -88.858731 2776001695 d2576ac564 3175 4 20 photo
37.284365 -88.858731 2776010659 532f9bdbcc 3074 4 42 photo
37.284365 -88.858731 2776015131 653a96d4c9 3076 4 22 photo
37.284365 -88.858731 2776018299 23e2f7a7aa 3181 4 100 photo
37.284365 -88.858731 2776022787 6ff336520e 3182 4 33 photo
37.284365 -88.858731 2776024547 d80c52fc18 3089 4 33 photo
37.284365 -88.858731 2776025937 4503279714 3166 4 49 photo
37.284365 -88.858731 2776029045 ce9dbb6b0a 3268 4 83 photo
37.284365 -88.858731 2776029737 3c359c818f 3043 4 59 photo
37.284365 -88.858731 2776030519 2bb06639aa 3266 4 78 photo
37.284365 -88.858731 2776031255 22b0f01a82 3052 4 81 photo
37.284365 -88.858731 2776032711 180a4fc00f 3010 4 14 photo
37.284365 -88.858731 2776033399 d89ee1d365 3049 4 104 photo
37.284365 -88.858731 2776034943 ff7254913d 3020 4 79 photo
37.284365 -88.858731 2776035431 3d454b7efc 3021 4 77 photo
37.284365 -88.858731 2776038043 f4158b20fe 3092 4 82 photo
37.284365 -88.858731 2776039425 58b5cfed5a 3071 4 58 photo
37.284365 -88.858731 2776042767 25484eb4ca 3145 4 65 photo
37.284365 -88.858731 2776044143 58f7b9f06b 3267 4 32 photo
37.284365 -88.858731 2776047259 6867185a54 3291 4 16 photo
37.284365 -88.858731 2776053277 2c2fa5cafd 3175 4 18 photo
37.284365 -88.858731 2776057483 54cf139e32 3263 4 61 photo
37.284365 -88.858731 2776058577 7f1144a2a1 3064 4 19 photo
37.284365 -88.858731 2776060241 4666aed405 3261 4 16 photo
37.284365 -88.858731 2776069391 3e912bfca1 3018 4 41 photo
37.284365 -88.858731 2776072899 35ddb53774 3146 4 43 photo
37.284365 -88.858731 2776074951 c707866df0 3025 4 23 photo
37.284365 -88.858731 2776076569 c9ccd0d808 3125 4 72 photo
37.284365 -88.858731 2776077933 e9b7b9a45f 3017 4 38 photo
37.284365 -88.858731 2776079627 525a779bb0 3208 4 39 photo
37.284365 -88.858731 2776082461 9ec40671a6 3235 4 31 photo
37.284365 -88.858731 2776087783 c06934ea55 3050 4 18 photo
37.284365 -88.858731 2776088509 f53d2a3d38 3259 4 14 photo
37.284365 -88.858731 2776089151 20d5e732d1 3231 4 25 photo
37.284365 -88.858731 2776092171 2a60086485 3259 4 79 photo
37.284365 -88.858731 2776092853 722df396c9 3273 4 75 photo
37.284365 -88.858731 2776740142 d35b9bc132 3052 4 17 photo
37.284365 -88.858731 2776740524 19b28330c7 3292 4 17 photo
37.284365 -88.858731 2776858148 4b8ee76f55 3285 4 42 photo
37.284365 -88.858731 2776858912 a0b1784e55 3015 4 10 photo
37.284365 -88.858731 2776861328 9925b01231 3283 4 44 photo
37.284365 -88.858731 2776862290 bdd7dc0189 3196 4 32 photo
37.284365 -88.858731 2776863558 0a71cbd403 3139 4 58 photo
37.284365 -88.858731 2776864614 b5d6bd0b36 3037 4 48 photo
37.284365 -88.858731 2776867262 13e208b802 3282 4 9 photo
37.284365 -88.858731 2776868680 d3637eb289 3207 4 63 photo
37.284365 -88.858731 2776869586 4671625087 3273 4 16 photo
37.284365 -88.858731 2776876802 354ae9a463 3017 4 44 photo
37.284365 -88.858731 2776883048 066dde6301 3007 4 77 photo
37.284365 -88.858731 2776887504 a551d3fd5c 3145 4 37 photo
37.284365 -88.858731 2776891882 eacba412a5 3184 4 80 photo
37.284365 -88.858731 2776900980 618a5e3065 3119 4 87 photo
37.284365 -88.858731 2776904332 3b4d1eb1c2 3005 4 32 photo
37.284365 -88.858731 2776906302 2d32bcb300 3258 4 13 photo
37.284365 -88.858731 2776910020 4143680857 3278 4 31 photo
37.284365 -88.858731 2776916942 6550d8a163 3079 4 27 photo
37.284365 -88.858731 2776920182 55cab3f47b 3068 4 15 photo
37.284365 -88.858731 2776922192 d3405cd777 3158 4 40 photo
37.284365 -88.858731 2776923326 5583d143d6 3216 4 15 photo
37.284365 -88.858731 2776925974 48d3732e86 3002 4 36 photo
37.284365 -88.858731 2776929018 10ac643f17 3156 4 25 photo
37.284365 -88.858731 2776936238 d0bfecce6d 3282 4 83 photo
37.284365 -88.858731 2776939088 85642e1b94 3047 4 41 photo
37.284365 -88.858731 2776942372 5eecd30bc0 3144 4 42 photo
37.284365 -88.858731 2776945158 188e4371aa 3064 4 44 photo
37.284365 -88.858731 2776945858 3fc5c749b6 3272 4 44 photo
37.55199 -89.346603 2969005683 b2edcfa8e2 3243 4 78 photo
37.55199 -89.346603 2969006511 2cc0d80bf4 3293 4 56 photo
37.55199 -89.346603 2969008523 3b4e516ed9 3160 4 68 photo
37.55199 -89.346603 2969851284 d4b6330a89 3189 4 85 photo
37.55199 -89.346603 2969852202 54a174b4b2 3153 4 76 photo
37.55199 -89.346603 2969853174 fa58fbba91 3048 4 70 photo
37.621896 -89.231455 3247098676 a2e4075751 3256 4 09a7ea5e0a jpg
37.686652 -89.310143 3533363019 1a0144a66e 3377 4 12ff879a2f jpg
37.533475 -89.254088 4505784974 432332f580 2692 3 98499d02c1 jpg
37.514785 -89.038395 482234912 9ecae0c7ec 179 1 32 photo
37.329815 -89.495374 5086814727 2a6496958e 4083 5 2725e7f757 jpg
37.625733 -89.20009 5928934381 2114d31077 6123 7 d1a5b8c4d1 jpg
37.61752 -89.209738 6124909383 5dedfa81c8 6206 7 47f15e459b jpg
37.61752 -89.209738 6124909509 4323481ea1 6188 7 4ea419620b jpg
37.61752 -89.209738 6125453260 4244ec1de1 6062 7 a3463c7a2b jpg
37.615642 -89.200778 6125453442 0df018fb4a 6207 7 edf838539b jpg
37.61752 -89.209738 6150922251 31b531ebc1 6192 7 a6ded768e0 jpg
37.617681 -89.20919 6151472326 b35637aab0 6176 7 2dcd3d270e jpg
37.569888 -89.316018 6155149695 a966ff5d87 6157 7 ba9d29ca25 jpg
37.569999 -89.316998 6155695306 69a93fabfd 6156 7 cbcfedfb47 jpg
37.295858 -89.505094 7375117072 6e9d056fe3 7233 8 6eae66e1bf jpg
