lat lon id secret server farm org.scrt fmt
37.376978 -113.638147 2026033255 f1a00b7237 2140 3 6 photo
37.293699 -113.693228 2447083631 3dc5ca31ff 3035 4 29b143a386 jpg
37.293699 -113.693228 2447084313 bc2ba46c4b 2071 3 95421f3d17 jpg
37.293716 -113.696265 2447086867 826b2af428 2025 3 c022696527 jpg
37.293699 -113.693228 2447906684 45f5a19c2b 2322 3 39e03173e6 jpg
37.293699 -113.693228 2447908286 b3fde5c775 2376 3 0a579775dc jpg
37.293699 -113.693228 2447909124 a37aab1b13 2264 3 8948293e42 jpg
37.293716 -113.696265 2447911350 fb0041b470 2093 3 d6edcb8483 jpg
37.337919 -113.693228 2520006878 c540ec8c18 2202 3 c549140378 jpg
37.504942 -113.914527 2567582907 a1dc3dbfe8 3102 4 2 photo
37.504942 -113.914527 2567583021 9c7dce3b88 3188 4 3 photo
37.504942 -113.914527 2567583231 cbd4340bd7 3144 4 3 photo
37.504942 -113.914527 2567583339 80a92c0602 3162 4 2 photo
37.504942 -113.914527 2567583429 113fb6046e 3052 4 3 photo
37.504942 -113.914527 2567583769 7b726dca40 3189 4 3 photo
37.504942 -113.914527 2567583869 68725c1f1d 3091 4 2 photo
37.504942 -113.914527 2567589401 93ff613d75 3164 4 2 photo
37.504942 -113.914527 2567592053 7e041f1520 3073 4 8 photo
37.504942 -113.914527 2567594525 d23319d966 3100 4 8 photo
37.504942 -113.914527 2567596857 bf10b265c4 3114 4 9 photo
37.504942 -113.914527 2567599541 80b84072c4 3189 4 8 photo
37.504942 -113.914527 2567604521 dafa793db5 3106 4 9 photo
37.504942 -113.914527 2567612293 0ca7575ae7 3264 4 8 photo
37.504942 -113.914527 2567615015 de0e765b02 3076 4 9 photo
37.504942 -113.914527 2567617599 3a50c71915 3086 4 9 photo
37.504942 -113.914527 2567629557 7aec844d2e 3070 4 2 photo
37.504942 -113.914527 2567631777 ef3103e9aa 3129 4 2 photo
37.504942 -113.914527 2567634125 32a05f47d6 3069 4 5 photo
37.504942 -113.914527 2567638655 81d53b69c0 3175 4 3 photo
37.504942 -113.914527 2567651421 4b87012a3b 3268 4 3 photo
37.504942 -113.914527 2567656421 145ba9b065 2147 3 2 photo
37.504942 -113.914527 2567656527 31b2ec0f65 3098 4 2 photo
37.504942 -113.914527 2567659229 6b4e3a018b 3269 4 2 photo
37.504942 -113.914527 2567661325 3edeefec3a 3070 4 2 photo
37.504942 -113.914527 2567668547 ccf67c8267 3131 4 4 photo
37.504942 -113.914527 2567673513 1779d5c8e2 3026 4 4 photo
37.504942 -113.914527 2567673571 37731e909b 3005 4 2 photo
37.504942 -113.914527 2567673633 f53734f350 3008 4 3 photo
37.504942 -113.914527 2567682873 a0a6ebc838 3134 4 2 photo
37.504942 -113.914527 2568406600 6b0ba77dc6 3006 4 3 photo
37.504942 -113.914527 2568406674 d093f6ae36 3066 4 2 photo
37.504942 -113.914527 2568406788 3508ec6db3 3091 4 2 photo
37.504942 -113.914527 2568407078 8a51e2d03d 3163 4 2 photo
37.504942 -113.914527 2568409914 8d4a6e7d97 3077 4 2 photo
37.504942 -113.914527 2568425196 500e911dea 3018 4 9 photo
37.504942 -113.914527 2568443232 2a1f2e31e8 3007 4 2 photo
37.504942 -113.914527 2568445588 03d002e5ac 3008 4 4 photo
37.504942 -113.914527 2568447804 cf2406493d 3185 4 2 photo
37.504942 -113.914527 2568450234 36945ec867 3005 4 2 photo
37.504942 -113.914527 2568464338 f741d6d047 3257 4 2 photo
37.504942 -113.914527 2568467236 2abb75a667 3011 4 3 photo
37.504942 -113.914527 2568469802 f3eea0f4c6 3260 4 2 photo
37.504942 -113.914527 2568472168 5e20bd0291 3031 4 2 photo
37.504942 -113.914527 2568479944 013aebfd8f 3112 4 3 photo
37.504942 -113.914527 2568486948 1c8d2af0f2 3108 4 3 photo
37.504942 -113.914527 2568489290 8069f3a1da 3266 4 2 photo
37.504942 -113.914527 2568494152 a97ab06a83 3271 4 2 photo
37.504942 -113.914527 2568496578 01bee5978d 3143 4 2 photo
37.504942 -113.914527 2568496686 48593bd2cb 3026 4 3 photo
37.504942 -113.914527 2568497002 6ed7feec60 3078 4 2 photo
37.504942 -113.914527 2568497072 940584067c 3093 4 2 photo
37.504942 -113.914527 2568499534 11b649ce80 3079 4 4 photo
37.504942 -113.914527 2568501644 0158bfcafb 3170 4 3 photo
37.504942 -113.914527 2568503790 167ff719f6 3120 4 2 photo
37.504942 -113.914527 2568507638 415c8cf564 3078 4 3 photo
37.335702 -113.688325 2642934589 147b5e0442 3169 4 0ebecd554b jpg
37.335702 -113.688325 2642938195 6214a11086 3112 4 224d4a82c3 jpg
37.335702 -113.688325 2642944611 d5d850e21a 3046 4 f7c8610529 jpg
37.335702 -113.688325 2642958435 3e3264ce31 3268 4 49485305a6 jpg
37.335702 -113.688325 2642961335 bd271cf118 3261 4 686aac9b8a jpg
37.335702 -113.688325 2642963427 5cec865fd0 3162 4 bc3626d0a9 jpg
37.335702 -113.688325 2643770270 11de435f09 3144 4 f18b4be454 jpg
37.335702 -113.688325 2643775854 92c107db18 3137 4 fa958771a5 jpg
37.335702 -113.688325 2643777866 be49dd86ba 2333 3 9c9955f26c jpg
37.335702 -113.688325 2643780054 7098244d19 3109 4 8acc7ccbae jpg
37.335702 -113.688325 2643783858 d525efd186 3190 4 ca37a77970 jpg
37.335702 -113.688325 2643796076 7080f16de9 3162 4 4701fc0812 jpg
37.666429 -113.624998 3170878305 9043cc156c 3107 4 635 photo
37.381377 -113.634896 3448692031 581f6096f5 3334 4 5 photo
37.380592 -113.63511 3448698523 3dbacbaec7 3362 4 3 photo
37.380592 -113.63511 3449513236 fcabe3eb34 3404 4 5 photo
37.380592 -113.63511 3449513482 37a522758e 3401 4 4 photo
37.271645 -113.770465 354365276 e9a41e7cd3 132 1 e9a41e7cd3 jpg
37.271645 -113.770465 354365277 36ab8d1c18 126 1 36ab8d1c18 jpg
37.271645 -113.770465 354365279 698c154ce0 132 1 698c154ce0 jpg
37.271645 -113.770465 354382708 c24cad0aef 148 1 c24cad0aef jpg
37.318833 -113.7605 3847492996 6e5fe86f31 3522 4 fe1313008f jpg
37.318833 -113.7605 3861988498 198c69310b 2491 3 9df4f667c5 jpg
37.312252 -114.179723 4331285442 73b7748d7f 4065 5 43 photo
37.293461 -113.69467 4542233052 6b95ff2fb4 2681 3 616a7b0b09 jpg
37.284788 -113.719542 4542233338 6e012875a6 2765 3 d4df0e6453 jpg
37.299777 -113.69755 4572074329 2229b07f61 3396 4 fe1e0703a3 jpg
37.310147 -113.710692 4572170475 956fd29b64 3350 4 48c8faa2db jpg
37.337919 -113.693228 68916023 931f7b9078 15 1 931f7b9078 jpg
37.337919 -113.693228 68916059 70b659da7a 15 1 70b659da7a jpg
37.337919 -113.693228 68916093 cc5e00964a 15 1 cc5e00964a jpg
37.337919 -113.693228 68916127 beda56405c 15 1 beda56405c jpg
37.337919 -113.693228 68916191 4c729c1279 6 1 4c729c1279 jpg
37.337919 -113.693228 68929925 ba421e4090 15 1 ba421e4090 jpg
37.707208 -113.648039 6931566900 236f211696 7176 8 2 photo
