lat lon id secret server farm org.scrt fmt
55.4406 37.3656 138469379 f87f803839 44 1 f87f803839 jpg
55.4406 37.3656 138469449 0170430ee9 47 1 0170430ee9 jpg
55.4406 37.3656 138469490 7142468038 44 1 7142468038 jpg
55.4406 37.3656 138469533 2ac73e48fd 48 1 2ac73e48fd jpg
55.4406 37.3656 138469569 901bf07753 44 1 901bf07753 jpg
55.4406 37.3656 138469658 5cdc5498f9 46 1 5cdc5498f9 jpg
55.4406 37.3656 138469749 aeab270c3e 48 1 aeab270c3e jpg
55.4406 37.3656 138469896 bc7c695e01 53 1 bc7c695e01 jpg
55.4406 37.3656 138469931 63fc9329f5 46 1 63fc9329f5 jpg
55.4406 37.3656 138470201 04016e426f 53 1 04016e426f jpg
54.917881 37.405411 1703435653 cca7f7ab07 2169 3 286 photo
37.4743 55.465 2577817355 759c01c817 3100 4 2fd03e1cd0 jpg
55.149833 37.4145 3285660674 3207d77963 3578 4 2235 photo
54.900999 37.568833 3521065789 323b12a0ae 3397 4 970 photo
55.285274 37.647914 3538149635 14f3cc654e 3588 4 707079ecb0 jpg
55.284443 37.647571 3562533006 57544da6a0 3003 4 e135bc88ec jpg
55.441111 37.494782 3562786204 22d8262b74 3618 4 22ef833a22 jpg
55.199833 37.405 3603953674 f24ca371c7 3378 4 589 photo
55.199833 37.405 3603972998 ecab738a2d 3376 4 150 photo
55.414193 37.495919 360756188 228df39df6 154 1 97 photo
55.414089 37.495839 360763951 1654bfd8ba 140 1 101 photo
55.414132 37.495764 360763953 e2da8c5e03 144 1 80 photo
55.414966 37.496848 360771459 ba503539fa 143 1 1336 photo
55.414875 37.496096 362677382 1fd3b247ba 104 1 75 photo
55.4406 37.3656 372466980 f34d333ddf 179 1 f34d333ddf jpg
55.4406 37.3656 372467216 8c795abcb1 163 1 8c795abcb1 jpg
55.4406 37.3656 372468360 537b0ea2dd 91 1 537b0ea2dd jpg
55.4406 37.3656 372468568 9fb14ae928 180 1 9fb14ae928 jpg
55.4406 37.3656 372468877 897272643d 163 1 897272643d jpg
55.4406 37.3656 372470982 7005a520ac 82 1 7005a520ac jpg
55.142 37.592166 3776895389 a0ab1cc9d7 3544 4 788 photo
55.063333 37.611166 3776948613 57ddb5581d 2449 3 118 photo
55.062999 37.612 3776952819 00bda2d3ae 3576 4 134 photo
55.149833 37.413833 3870574971 5aeaaf5571 2561 3 238 photo
55.1735 37.383666 3886138987 5115cb8118 2528 3 274 photo
55.166 37.444666 3886178965 70c3d05073 2676 3 837 photo
55.1735 37.383666 3886940118 1619b1743a 2657 3 260 photo
55.1735 37.383666 3886973092 d0819699cf 2527 3 1344 photo
55.166 37.444666 3886974850 3efe6cdf20 2631 3 819 photo
55.4415 37.495833 3893626347 b4be9afb3a 3473 4 1323 photo
55.432434 37.503386 4284701991 2c36114df9 2524 3 8b267db43c jpg
55.154 37.337333 4486298557 1b6fca8a98 4014 5 1850 photo
55.154333 37.342833 4486943412 578c997f21 4009 5 122 photo
55.154333 37.336166 4504828122 23598fb608 4022 5 1773 photo
54.90097 37.566872 4598330441 996b40cb43 1103 2 e943c00e0b jpg
54.90097 37.566872 4598334413 f095882bf8 4005 5 9a215694f7 jpg
55.440368 37.333104 4635842587 a12ccb25fe 3409 4 10 photo
55.440408 37.330309 4635842869 37d4922b88 3369 4 15 photo
55.440368 37.333104 4636450678 a949589a06 4021 5 12 photo
55.437894 37.333989 4636451498 7b66051710 4060 5 20 photo
55.146499 37.458166 4711071789 1dd44eda42 4036 5 346 photo
55.146833 37.461666 4711639538 5c0a92ab36 4054 5 1036 photo
55.146499 37.458 4711714794 262feeeecf 4022 5 1208 photo
55.063333 37.6115 4719670331 3d35774ee0 4067 5 1294 photo
55.063333 37.6115 4720316868 be48be9722 4066 5 818 photo
55.063333 37.6115 4727979924 d4ca832e4e 1400 2 974 photo
55.063333 37.6115 4727990914 0298a28253 1361 2 1110 photo
55.063333 37.6115 4729894101 14837da038 1198 2 218 photo
55.063333 37.611166 4730558970 2d25048365 1105 2 834 photo
55.063166 37.610666 4730656886 16f9e2c1ef 1374 2 1744 photo
55.335302 37.522302 4743019858 2fc2529be5 4115 5 e50f9727fa jpg
55.063166 37.610666 4757342775 940050488a 4074 5 1883 photo
55.063166 37.610666 4757345085 1de1cef104 4119 5 863 photo
55.064 37.6105 4757406899 def0917ff5 4096 5 704 photo
55.431874 37.540304 4758697600 534cd91ac7 4120 5 a19e13972d jpg
55.4406 37.3656 48721029 0ef46485e6 25 1 0ef46485e6 jpg
55.4406 37.3656 50949423 ab9bcb4cbc 33 1 ab9bcb4cbc jpg
55.4406 37.3656 50960443 c27d6b94a6 26 1 c27d6b94a6 jpg
55.4406 37.3656 50972905 4cace6e450 33 1 4cace6e450 jpg
54.838051 37.612692 5209849816 f07dabdcde 4112 5 075a7cd613 jpg
54.833219 37.609162 5209884112 080d2609b5 5004 6 4afbdc2032 jpg
54.833219 37.609162 5209890156 e38d5d14b4 4145 5 0d38394984 jpg
54.832892 37.611125 5348915808 8d4dbff8eb 5127 6 f6caf7e9e7 jpg
55.024166 37.3315 5393551260 93cc639069 5260 6 1059 photo
55.024166 37.3315 5401680521 d2927a76f6 5298 6 1552 photo
55.024166 37.3315 5413511417 34ec83c116 4139 5 2034 photo
55.024166 37.3315 5418508673 1be9a0a4c2 5171 6 2753 photo
55.024166 37.3315 5431649760 da34e79332 4075 5 2068 photo
55.024166 37.3315 5445597609 c57a9ea7bb 4122 5 741 photo
55.024166 37.3315 5445665689 8c7c888e17 4137 5 520 photo
55.024166 37.3315 5445701161 9a06f08b65 4077 5 268 photo
55.024166 37.3315 5446204788 ab9843be10 5260 6 542 photo
55.024166 37.3315 5446207554 cc4918d936 5180 6 413 photo
55.024499 37.331 5446341812 5137f6a450 5097 6 186 photo
55.024499 37.331 5446342646 76588b730f 4134 5 1129 photo
55.024499 37.331 5448225951 5686fee1f9 5259 6 873 photo
55.024499 37.331 5451678660 a40590aebc 5057 6 1893 photo
55.024499 37.331 5453401581 1441d95fbf 5094 6 359 photo
55.024499 37.331 5453407109 48b7a3e126 5257 6 162 photo
55.024499 37.331 5453420873 bac19bde18 5134 6 294 photo
55.024499 37.331 5471275747 df26e52c06 5019 6 941 photo
55.024499 37.331 5471873664 9b2ef3e5e8 5220 6 2082 photo
55.024499 37.331 5474539742 ca04376d61 5295 6 1684 photo
54.833386 37.611908 5647136631 3598b163ff 5190 6 100390ea29 jpg
54.833433 37.611823 5647699234 93a16eabe8 5190 6 ec08a5b192 jpg
55.285806 37.648129 5787501716 65855683f1 5226 6 77bb624dea jpg
55.286429 37.642518 5790620191 9b118ef5c4 5184 6 672e741ae2 jpg
54.832985 37.607767 6218378291 96295ce787 6239 7 9e074293d7 jpg
54.832639 37.611705 6803168545 a2508571e8 7145 8 33c4e2dcc9 jpg
