lat lon id secret server farm org.scrt fmt
37.589283 -86.551848 1471279360 d22f62524a 1243 2 48 photo
37.481128 -86.301341 2092719005 4116901c9f 2108 3 4e0a890c4c jpg
37.481128 -86.301341 2092719081 803f3ba3ae 2135 3 79109bd283 jpg
37.481128 -86.301341 2093497254 6463dc5fb4 2055 3 4515ecfed2 jpg
37.589479 -86.551966 209704191 f4ed0dd5d3 81 1 f4ed0dd5d3 jpg
37.589445 -86.551923 209704194 a661484436 84 1 a661484436 jpg
37.480209 -86.29383 2220132694 ed32f73002 2226 3 f56d0b2b52 jpg
37.635866 -86.437211 2651239049 6fed058418 3177 4 10 photo
37.635866 -86.437211 2651240893 779b177457 3031 4 12 photo
37.635866 -86.437211 2651241187 11e128eb32 3213 4 13 photo
37.635866 -86.437211 2651247653 e7f0366d4c 3201 4 8 photo
37.635866 -86.437211 2651251095 6cfa26515d 3044 4 10 photo
37.635866 -86.437211 2651252627 e6994f8173 3004 4 6 photo
37.635866 -86.437211 2651254383 3177dd7249 3293 4 8 photo
37.635866 -86.437211 2651257171 0816955d53 3066 4 5 photo
37.635866 -86.437211 2651258471 3b6a529dab 3251 4 6 photo
37.635866 -86.437211 2651259773 7deeee7261 3002 4 7 photo
37.635866 -86.437211 2651260561 e55f84e7eb 3177 4 6 photo
37.635866 -86.437211 2651261583 ece5b1bab9 3009 4 9 photo
37.635866 -86.437211 2651262463 fea4d48e23 3040 4 6 photo
37.635866 -86.437211 2651265629 9aa6fdae38 3124 4 8 photo
37.635866 -86.437211 2651266613 2b94cfab86 3172 4 5 photo
37.635866 -86.437211 2651268367 c45163a334 3151 4 4 photo
37.635866 -86.437211 2651275277 645d89e5d8 3074 4 6 photo
37.635866 -86.437211 2651275565 d885869355 3233 4 8 photo
37.635866 -86.437211 2651277527 3f237ea386 3064 4 4 photo
37.635866 -86.437211 2651279869 c06b3de6d1 3120 4 5 photo
37.635866 -86.437211 2651282467 17f82c2935 3198 4 6 photo
37.635866 -86.437211 2651283861 41c6072bd3 3005 4 38 photo
37.635866 -86.437211 2651286317 723e364f60 3247 4 34 photo
37.635866 -86.437211 2652058892 8f85752f17 2334 3 10 photo
37.635866 -86.437211 2652060576 108d81bdbe 3081 4 20 photo
37.635866 -86.437211 2652068490 7a589b71e3 3047 4 9 photo
37.635866 -86.437211 2652070054 f354310153 3213 4 10 photo
37.635866 -86.437211 2652071610 d1464081ff 3125 4 7 photo
37.635866 -86.437211 2652089086 7c34db0f8c 3289 4 4 photo
37.635866 -86.437211 2652089918 8ecca7541c 3253 4 4 photo
37.635866 -86.437211 2652090806 07fd50c8cc 3213 4 6 photo
37.635866 -86.437211 2652093084 31cee24b0b 3188 4 5 photo
37.635866 -86.437211 2652093746 6da724d0d8 3278 4 4 photo
37.635866 -86.437211 2652095652 15152a3702 3123 4 6 photo
37.635866 -86.437211 2652096594 0b2de5cfc5 3268 4 5 photo
37.635866 -86.437211 2652097602 7c858c6f46 3025 4 5 photo
37.635866 -86.437211 2652098404 b50fc1a151 3137 4 5 photo
37.635866 -86.437211 2652099204 528fb0fcd8 3202 4 4 photo
37.635866 -86.437211 2652100344 37b1f4f790 3189 4 3 photo
37.635866 -86.437211 2652101134 3f59f6e30e 3015 4 5 photo
37.635866 -86.437211 2652101900 3c5c0d28eb 3257 4 7 photo
37.635866 -86.437211 2652102170 fcdf4f6fbc 3004 4 10 photo
37.635866 -86.437211 2652102426 674b4d1b2e 3161 4 6 photo
37.635866 -86.437211 2652102690 f2c4d94c2e 3178 4 6 photo
37.635866 -86.437211 2652102936 494f995085 3158 4 5 photo
37.635657 -86.437779 2654952071 039b2cf843 3039 4 3 photo
37.635657 -86.437779 2654957589 bdceb79f7b 3133 4 20 photo
37.635657 -86.437779 2654959343 54087f87d2 3155 4 11 photo
37.635657 -86.437779 2654965293 e6f95aaa60 3139 4 6 photo
37.635657 -86.437779 2654966311 87b663c2d8 3134 4 10 photo
37.635657 -86.437779 2654971347 c9605f91ce 3083 4 3 photo
37.635657 -86.437779 2654972549 9021688153 3107 4 4 photo
37.635657 -86.437779 2654974189 b1ebf7b721 3276 4 7 photo
37.635657 -86.437779 2654976171 d379130510 3210 4 11 photo
37.635657 -86.437779 2654978379 b52555c1dd 3129 4 24 photo
37.635657 -86.437779 2655778890 d8ecefc4e0 3126 4 2 photo
37.635657 -86.437779 2655779814 4a4312e5a4 3088 4 3 photo
37.635657 -86.437779 2655781086 187e082864 3243 4 2 photo
37.635657 -86.437779 2655782340 c466227dfe 3016 4 4 photo
37.635657 -86.437779 2655784466 5eb1254cb5 3076 4 4 photo
37.635657 -86.437779 2655790182 959b0c77d4 3118 4 6 photo
37.635657 -86.437779 2655794800 59bcea84a1 3140 4 11 photo
37.635657 -86.437779 2655795780 6be00917e5 3060 4 11 photo
37.635657 -86.437779 2655796564 acc6d59970 3243 4 3 photo
37.635657 -86.437779 2655799410 c9a19b2330 3104 4 3 photo
37.635657 -86.437779 2655800782 80858a6abf 3213 4 13 photo
37.635657 -86.437779 2655803196 58a8e85611 3073 4 12 photo
37.635657 -86.437779 2655805182 d7f4cf2582 3067 4 14 photo
37.635657 -86.437779 2656208095 9b07cfb35b 3240 4 17 photo
37.635657 -86.437779 2656220451 a3ec4879d4 3094 4 65 photo
37.635657 -86.437779 2656228341 fb854d6e01 3276 4 68 photo
37.635657 -86.437779 2656231667 63595a11f3 3219 4 55 photo
37.635657 -86.437779 2656262517 59425f1abc 3125 4 60 photo
37.635657 -86.437779 2657033678 ccd5c99374 3191 4 67 photo
37.635657 -86.437779 2657037368 94df473a67 3283 4 70 photo
37.635657 -86.437779 2657038940 ed553f497f 3161 4 66 photo
37.635657 -86.437779 2657041854 e743f61515 3131 4 64 photo
37.635657 -86.437779 2657044456 6772ba6b6e 3156 4 57 photo
37.635657 -86.437779 2657047042 9ef11053b0 3199 4 66 photo
37.635657 -86.437779 2657053810 19d844167f 3031 4 64 photo
37.635657 -86.437779 2657055526 fa6189657b 3104 4 71 photo
37.635657 -86.437779 2657058054 edbeac8706 3150 4 67 photo
37.635657 -86.437779 2657064148 e6f991a070 3285 4 59 photo
37.635657 -86.437779 2657092778 e5376284ef 3190 4 58 photo
37.589343 -86.552363 2938412987 d95a8313dc 3239 4 136 photo
37.590006 -86.549509 2938413385 7775b29f02 3040 4 126 photo
37.589479 -86.552009 2938413797 895d1743bc 3012 4 118 photo
37.589189 -86.551269 2939265952 714fe55b2a 3296 4 189 photo
37.590006 -86.549509 2939266100 0c3d329940 3061 4 140 photo
37.589479 -86.552009 2939266286 337991c1ca 3242 4 191 photo
37.589479 -86.552009 2939266462 4cca45afaa 3025 4 148 photo
37.482652 -86.510907 6226985950 8c319e54ea 6216 7 c1383b9d10 jpg
37.519244 -86.60641 6610232239 9a527e66ed 7164 8 d481cc5d5a jpg
