lat lon id secret server farm org.scrt fmt
37.512993 23.517265 150557449 2d17a9818f 45 1 2d17a9818f jpg
37.65032 24.024707 2122245500 860f941348 2353 3 134 photo
37.650359 24.024776 2154967723 3074f7a750 2359 3 193 photo
37.65035 24.024809 2428598008 4bffa8f313 2075 3 16912ec6f6 jpg
37.650616 24.027116 2872057204 176efd3089 3281 4 5086b664ae jpg
37.655355 24.011397 2872058158 7b6bdf966a 3238 4 ac35919d45 jpg
37.650616 24.027116 2872059132 2a413a8919 3228 4 2b399b865c jpg
37.650344 24.026758 2872953059 3e6f3a85e1 3064 4 e96d1ae68d jpg
37.650344 24.026758 2872954457 b336749a76 3027 4 f5e009a828 jpg
37.6504 24.027188 2873373236 91247307fb 3032 4 0eda44a79d jpg
37.504936 23.454561 2873834135 f8a386747c 3163 4 d8bb0360da jpg
37.506433 23.452522 2873835131 dfb2aab35c 3040 4 1313690b23 jpg
37.352491 23.46638 2873836655 6eff411cd8 3013 4 0bff976c5a jpg
37.650366 24.027475 2874134706 178cdf6955 3219 4 6346439996 jpg
37.505438 23.453413 2875558701 4d1a88e38d 3227 4 cd8f12a143 jpg
37.504755 23.454694 2875857973 1625669924 3021 4 28e33a3aa6 jpg
37.504755 23.454694 2875860129 dce1fb0e1a 3177 4 ec0d76d79f jpg
37.504627 23.454661 2876384252 b365be1297 3241 4 136229bdff jpg
37.504627 23.454727 2876388604 649835a886 3056 4 e983354a4b jpg
37.352491 23.46638 2876595675 f0e5a0e840 3011 4 37aabd286b jpg
37.352177 23.466736 2876692444 70ff220247 3221 4 49857546aa jpg
37.352491 23.46638 2877430368 75cb370931 3003 4 006ece1b78 jpg
37.35225 23.466686 2877438007 29d4365815 3023 4 e08e06d267 jpg
37.352377 23.466633 2877440549 793812ac08 3072 4 c29216a7c3 jpg
37.352341 23.466191 2877535709 d96a6c6f10 3081 4 85f45d00f6 jpg
37.352547 23.46638 2877667079 0baf851611 3027 4 82a317cc91 jpg
37.35225 23.466686 2878271364 e4f4c7b800 3119 4 7bd7623c28 jpg
37.352341 23.466191 2878370982 356af8b425 3061 4 6632680444 jpg
37.352586 23.466269 2880153374 65fa27de38 3053 4 2c7e8d811c jpg
37.352625 23.466227 2880447503 4676dee6de 3017 4 9e3287759d jpg
37.651977 24.026305 306376105 b357cee194 109 1 223 photo
37.649815 24.024202 3124825049 7944733e50 3264 4 3451059216 jpg
37.649726 24.024331 3231813129 974db5e83e 3386 4 9edc3f6999 jpg
37.350206 23.465842 3581375312 039d6e86f4 3321 4 6ec9c33007 jpg
37.350206 23.465842 3581375474 907eebe0b9 3342 4 e5ed5ce482 jpg
37.650168 24.024964 3922090763 47e3740ca5 3468 4 52 photo
37.650168 24.024964 3922876752 f17d4f3364 3434 4 19 photo
37.351004 23.466749 6104344868 207155d831 6067 7 89 photo
37.349093 23.465927 6667720301 9c97cc3261 7028 8 4 photo
37.349093 23.465927 6667721183 0da5fc309e 7147 8 1 photo
37.349093 23.465927 6667722253 79f4c2bf5e 7158 8 0 photo
37.349093 23.465927 6667723299 8b18239d01 7144 8 0 photo
37.349093 23.465927 6667724481 1a98333a3b 7142 8 1 photo
37.349093 23.465927 6667725373 9a51d87ffa 7016 8 0 photo
37.349093 23.465927 6667726571 d303b00af8 7174 8 2 photo
37.349093 23.465927 6667727501 0fa72208b6 7035 8 3 photo
37.349093 23.465927 6667729585 abf1be9279 7172 8 5 photo
37.349093 23.465927 6667730833 2295c7fb00 7163 8 8 photo
37.349093 23.465927 6667731895 541069c84d 7168 8 3 photo
37.349093 23.465927 6667732759 e771936e61 7165 8 1 photo
37.349093 23.465927 6667734367 5889431153 7143 8 2 photo
37.349093 23.465927 6667735217 7d6a6fc8d8 7010 8 2 photo
37.350573 23.466786 6667736145 70192e46df 7007 8 2 photo
37.35192 23.466839 6667737167 39c4e3f79c 7175 8 3 photo
37.351149 23.466614 6667738185 32e704ff9f 7014 8 5 photo
37.35192 23.466839 6667739205 74cf5b2392 7165 8 2 photo
37.35192 23.466839 6667740137 6c509c0927 7010 8 1 photo
37.35192 23.466839 6667741509 4df8c7135e 7172 8 1 photo
37.35192 23.466839 6667742377 34661ef79b 7171 8 2 photo
37.350573 23.466786 6667743361 f105ee890e 7032 8 4 photo
37.350573 23.466786 6667744503 63b12a64ff 7170 8 0 photo
37.350573 23.466786 6667745457 80c26b7610 7020 8 2 photo
37.35192 23.466839 6667746319 8bc4877c5a 7147 8 1 photo
37.35192 23.466839 6667747371 25a2505a08 7008 8 16 photo
37.35192 23.466839 6667748857 49502123e8 7167 8 1 photo
37.350573 23.466786 6667751789 916d807ab2 7032 8 1 photo
37.649958 24.024841 6854810625 c76af2c35a 7159 8 4e5fbbb5fb jpg
37.649958 24.024841 6854811033 0328261c32 7182 8 693b270160 jpg
37.349648 23.464983 7329743174 2a61d896ed 7072 8 856cf4ac7f jpg
37.504791 23.457 8114427688 4477c107a1 8329 9 54 photo
37.435995 23.534839 8876016157 5bfa7b50a5 3692 4 2 photo
37.503044 23.454169 8876027119 e6e4870aa2 5468 6 1 photo
37.503044 23.454169 8876028061 97ffebc0b0 7397 8 2 photo
37.435995 23.534839 8876045993 17cdc93cf7 5469 6 2 photo
37.503044 23.454169 8876051527 83e2e7cf18 7434 8 2 photo
37.503044 23.454169 8876052365 c41f5f451e 3710 4 3 photo
37.503044 23.454169 8876053299 637f7aa144 3714 4 1 photo
37.503044 23.454169 8876054075 7ea05c67ae 2852 3 1 photo
37.503044 23.454169 8876057275 f36ebfde61 5457 6 0 photo
37.435995 23.534839 8876060739 751911e5dc 3796 4 1 photo
37.435995 23.534839 8876062485 1f1cd32500 2884 3 1 photo
37.503044 23.454169 8876645222 b9c0b5469e 7383 8 5 photo
37.503044 23.454169 8876646004 77b2ddd9e6 3788 4 2 photo
37.503044 23.454169 8876646844 47e8109493 7405 8 3 photo
37.503044 23.454169 8876670436 e8cbd769e0 7339 8 5 photo
37.503044 23.454169 8876671444 07cc60cdb9 2854 3 16 photo
37.503044 23.454169 8876672222 370a28008d 7354 8 1 photo
37.435995 23.534839 8876673918 e511747340 5341 6 2 photo
37.435995 23.534839 8876674810 7998f50d87 3684 4 1 photo
37.435995 23.534839 8876677092 ed47dda82e 2886 3 0 photo
37.503044 23.454169 8881083857 b85f8c9060 3709 4 1 photo
37.435995 23.534839 8881085983 372b03c108 2829 3 1 photo
37.435995 23.534839 8881088905 3f04989634 2818 3 1 photo
37.435995 23.534839 8881093599 1a918069c7 5325 6 11 photo
37.435995 23.534839 8881712334 9ac9ff0385 2852 3 1 photo
37.435995 23.534839 8881713880 6d36de7614 5442 6 0 photo
37.64979 24.024964 88894891 45ed84286f 31 1 45ed84286f jpg
37.695757 23.698368 8889633150 33ffb12df8 3762 4 116 photo
37.695757 23.698368 9065240869 f502983a7d 2838 3 129 photo
37.350748 23.466807 9354588584 984ea76fa0 7328 8 c8ccf472db jpg
