lat lon id secret server farm org.scrt fmt
37.307111 -87.539995 2098087275 4454d08702 2085 3 594c252d75 jpg
37.307111 -87.539995 2098087303 b8d611e3ee 2213 3 26a4d3a92e jpg
37.307111 -87.539995 2098087331 a8829504de 2136 3 eaec0a9341 jpg
37.693236 -87.905581 2188691438 e9f9c14b4c 2123 3 30 photo
37.519197 -87.695145 2447351795 cd2cab4fbf 2286 3 46 photo
37.693253 -87.905495 293171499 1d2aa4468b 120 1 132 photo
37.693236 -87.905506 293171653 9dc590030d 121 1 70 photo
37.692917 -87.906342 298427525 d240a378ca 113 1 32 photo
37.692917 -87.906342 298427641 29464e24fc 103 1 51 photo
37.692917 -87.906342 298427776 cde7a8c24d 104 1 116 photo
37.692917 -87.906342 298428431 2a3befa44f 106 1 294 photo
37.692917 -87.906342 298428493 af5ea6b56c 102 1 119 photo
37.692917 -87.906342 298428851 b8e3c58316 121 1 159 photo
37.652397 -87.90484 3245461817 7edbf4ca4f 3297 4 478c18eeb7 jpg
37.652427 -87.905184 3246289474 c147e34fa5 3529 4 5d3ef5503b jpg
37.652699 -87.904486 3246290308 5ef764a61d 3524 4 276ea53bdb jpg
37.462374 -88.164703 350561107 583651f2a0 150 1 583651f2a0 jpg
37.693261 -87.905602 35821028 22e64d8c4f 30 1 453 photo
37.693261 -87.905602 35821035 0e89f06695 23 1 273 photo
37.693261 -87.905602 35821050 e916fa11d2 24 1 275 photo
37.693261 -87.905602 35821073 81ded40a8e 28 1 139 photo
37.693261 -87.905602 35821078 aaaab0bfcc 31 1 66 photo
37.693261 -87.905602 35821083 e4b6da6d4d 27 1 165 photo
37.693261 -87.905602 35821095 f72f144007 29 1 206 photo
37.693261 -87.905602 35821104 e80caa5f60 26 1 195 photo
37.693261 -87.905602 35821114 df30b6becb 21 1 210 photo
37.693261 -87.905602 35821131 78d564c53c 27 1 122 photo
37.693261 -87.905602 35821153 2e2774855e 31 1 135 photo
37.693261 -87.905602 35821164 730266e7d8 22 1 234 photo
37.693261 -87.905602 36537883 0634eafcdf 24 1 21 photo
37.693261 -87.905602 36537919 7f386eb610 30 1 20 photo
37.693261 -87.905602 36537935 cdde2db44e 30 1 98 photo
37.681553 -87.912919 3718666748 1df23f0d18 2573 3 6900faf86a jpg
37.647725 -87.894728 41388162 df617bc1ed 28 1 65 photo
37.647725 -87.894728 41388168 86dda0004a 23 1 715 photo
37.647543 -87.897185 41388178 4bd70fdcd7 22 1 129 photo
37.656313 -87.904685 41388200 c5e41bf1ec 24 1 112 photo
37.693261 -87.905602 41388203 ba4685adcd 26 1 39 photo
37.693287 -87.90556 41388218 30f9b8d6ca 30 1 115 photo
37.693304 -87.905581 41388224 213044f879 26 1 88 photo
37.693261 -87.905602 41388256 170574f05d 31 1 104 photo
37.615625 -87.858776 41388275 86390fb843 22 1 151 photo
37.619122 -87.854956 41388294 7e3753c7b9 27 1 54 photo
37.619122 -87.854956 41388317 907c494ce4 27 1 68 photo
37.619122 -87.854956 41388326 8ffc7ac3cc 26 1 123 photo
37.619122 -87.854956 41388341 8c1c88c4a3 26 1 46 photo
37.693261 -87.905602 41388346 1d86e71437 28 1 14 photo
37.693261 -87.905602 41388358 a60935aa87 22 1 14 photo
37.693261 -87.905602 41388378 c6a6d1a730 28 1 73 photo
37.693261 -87.905602 41388386 eeef4a7403 23 1 40 photo
37.615208 -87.85707 41388415 e9b3511049 22 1 60 photo
37.616729 -87.853433 41388512 af12b7b913 25 1 40 photo
37.616729 -87.853433 41388546 d8c0bba70b 30 1 52 photo
37.616729 -87.853433 41388551 a10c18d1e4 33 1 41 photo
37.616729 -87.853433 41388555 891a85c681 25 1 39 photo
37.616729 -87.853433 41388571 06ad5ccd82 27 1 27 photo
37.616729 -87.853433 41388594 978475fd93 30 1 54 photo
37.616729 -87.853433 41388601 f63018ac4d 22 1 34 photo
37.616729 -87.853433 41388605 24eea25388 24 1 25 photo
37.616729 -87.853433 41388618 78d00156d3 33 1 28 photo
37.616729 -87.853433 41388627 44a60b2700 30 1 45 photo
37.616729 -87.853433 41388640 24610f8bee 32 1 36 photo
37.61664 -87.854002 41388657 75a7271e9f 25 1 48 photo
37.61664 -87.854002 41388678 3d3f3c6ff8 24 1 65 photo
37.61664 -87.854002 41388684 7cb34c856c 23 1 50 photo
37.692917 -87.906342 43749627 60ae763b74 31 1 55 photo
37.692917 -87.906342 43749629 ea9d331e3b 27 1 46 photo
37.692917 -87.906342 43749639 6b859f048d 30 1 192 photo
37.692917 -87.906342 43757499 cc4c141c6a 30 1 32 photo
37.692917 -87.906342 43757505 26c69d4bb9 27 1 27 photo
37.693261 -87.905602 43757536 3663d123dc 29 1 85 photo
37.651595 -87.891177 43757550 31e51ce1ba 32 1 36 photo
37.692917 -87.906342 43757689 a7314d1c2c 27 1 80 photo
37.692917 -87.906342 43757693 caa8e7f9d0 28 1 12 photo
37.692917 -87.906342 43757710 e29c567a84 29 1 7 photo
37.692917 -87.906342 43757715 89c183b749 33 1 10 photo
37.692917 -87.906342 43757719 66ce4c263b 28 1 15 photo
37.692917 -87.906342 43757724 dfd9089fb7 30 1 27 photo
37.692917 -87.906342 43757737 90542da10e 32 1 29 photo
37.692917 -87.906342 43757739 2973c35cc0 30 1 16 photo
37.692917 -87.906342 43757741 44e1b23b5a 27 1 18 photo
37.692917 -87.906342 43757747 af3147681e 32 1 16 photo
37.692917 -87.906342 43757759 210e709f13 27 1 31 photo
37.692917 -87.906342 43757764 6f85ec5b0a 31 1 71 photo
37.692917 -87.906342 43757766 4d0f82ec77 28 1 15 photo
37.692917 -87.906342 43757770 6fd4902e54 25 1 22 photo
37.692917 -87.906342 43757779 9dd7f35ca6 27 1 26 photo
37.692917 -87.906342 43757781 4f629ae619 27 1 39 photo
37.692917 -87.906342 43757794 b21adea599 32 1 25 photo
37.693261 -87.905602 43832396 4fbe037b05 29 1 83 photo
37.693261 -87.905602 43832470 b3e65c9b41 27 1 11 photo
37.693261 -87.905602 43832473 d0ff55922b 28 1 55 photo
37.332827 -88.081372 4751621029 da7e573cd0 4114 5 847 photo
37.332827 -88.081372 4755454918 d091816247 4081 5 801 photo
37.332827 -88.081372 4768048150 cbed3668f8 4081 5 763 photo
37.467228 -88.160605 6286936069 66f4488b44 6037 7 b8860d423f jpg
37.467254 -88.159403 6286936405 b21c980722 6111 7 3dde8ecb84 jpg
37.467254 -88.159403 6291190725 05f0bd00fc 6229 7 54f74c7896 jpg
37.681689 -87.913273 6618539239 30a0d02b64 7012 8 b9036f3e63 jpg
37.26896 -88.082166 729640523 bc78445175 1382 2 311 photo
