lat lon id secret server farm org.scrt fmt
37.404293 -107.532248 1110918681 6959f485bb 1424 2 a0f250494c jpg
37.404293 -107.532248 1111753942 31e311d56f 1103 2 aeb9882429 jpg
37.567126 -106.937892 1209330295 9f1cec33c7 1047 2 31 photo
37.567083 -106.93845 1209334097 7c42590836 1408 2 40 photo
37.567083 -106.93845 1209336257 10a59bc5d2 1335 2 28 photo
37.567083 -106.93845 1209340131 d008c2983b 1090 2 40 photo
37.567083 -106.93845 1209344471 6c19847903 1346 2 55 photo
37.567749 -106.943321 1209349027 199594ce24 1409 2 20 photo
37.567749 -106.943492 1209353217 42397b349f 1062 2 25 photo
37.569379 -106.947419 1209357997 5910876eaa 1207 2 15 photo
37.563908 -106.968469 1209365955 9304ae713c 1196 2 15 photo
37.563908 -106.968469 1209367755 d5735a7354 1081 2 32 photo
37.571611 -107.001385 1209372101 1fd10dd81f 1401 2 15 photo
37.571611 -107.001385 1209373967 53b7bc6af5 1013 2 22 photo
37.571611 -107.001385 1209378073 1bb273d983 1060 2 14 photo
37.571611 -107.001385 1209379967 ff454385f7 1171 2 13 photo
37.571611 -107.001385 1209381489 b244cdc96c 1312 2 11 photo
37.571611 -107.001385 1209388433 15b1d79bf2 1146 2 11 photo
37.568006 -106.934309 1210187406 12c2c5950c 1396 2 21 photo
37.567126 -106.937892 1210191214 a4e4cc5161 1050 2 26 photo
37.567083 -106.93845 1210201758 ea814dd58f 1305 2 37 photo
37.567663 -106.943471 1210205822 670c51f8c4 1200 2 47 photo
37.567749 -106.943321 1210210282 68c449f7a8 1294 2 22 photo
37.567749 -106.943407 1210214816 53c760743b 1013 2 19 photo
37.569787 -106.948299 1210218846 4db08c442f 1096 2 14 photo
37.563908 -106.968469 1210220924 8288d56a5c 1220 2 17 photo
37.563908 -106.968469 1210223012 8082ce445d 1280 2 21 photo
37.566311 -106.99366 1210229022 d150f20f2b 1057 2 13 photo
37.571611 -107.001385 1210235034 11da0a0b7c 1217 2 15 photo
37.571611 -107.001385 1210242324 d7d53631a1 1025 2 12 photo
37.571611 -107.001385 1210243986 105e5106f9 1022 2 9 photo
37.571611 -107.001385 1210245460 9f17ebc973 1202 2 10 photo
37.571611 -107.001385 1210249272 c27ea4f8eb 1231 2 23 photo
37.565431 -107.000806 1210331840 9e4abe673c 1024 2 12 photo
37.266308 -107.010135 124279486 b3d3824521 56 1 b3d3824521 jpg
37.263844 -107.451486 1269761880 255642ddd2 1157 2 3 photo
37.264305 -107.452461 1269766558 5b1e64e936 1288 2 1 photo
37.270722 -107.55895 1269769136 35d10dc335 1212 2 3 photo
37.270722 -107.55895 1269771414 4f898e382a 1334 2 2 photo
37.27003 -106.999191 1270025030 bd428c499d 1273 2 3 photo
37.282419 -107.543394 1270056592 1b2f8cb3fc 1302 2 0 photo
37.267163 -107.012416 1337845523 e2cac9a979 1301 2 0 photo
37.268369 -107.010927 1337849399 40d1287fb2 1192 2 0 photo
37.266225 -107.014405 1338747844 e5703e88ba 1283 2 2 photo
37.270283 -107.000355 152723505 b541003eea 51 1 13643 photo
37.267231 -107.009067 166545321 64d59e144c 53 1 368 photo
37.265779 -107.010741 2036302427 5850e4647d 2254 3 beaaebc8e3 jpg
37.446673 -107.504739 2050845171 0b3c60b387 2203 3 63c06399ca jpg
37.266146 -107.011899 231271821 2f43d41eed 94 1 2f43d41eed jpg
37.266261 -107.01051 232117050 e75660bc3e 80 1 e75660bc3e jpg
37.26437 -107.061038 242740596 8315a9dd72 92 1 8315a9dd72 jpg
37.69505 -107.313278 2476425257 b80ba311ed 2152 3 a86ee3e125 jpg
37.664124 -107.330125 2477194548 bedf930824 2186 3 7ba321aeed jpg
37.357344 -107.038346 2554982617 0a3dcb0366 3096 4 7 photo
37.357344 -107.038346 2554984411 2ab8237dee 3078 4 7 photo
37.441941 -107.041565 2554985711 4662939267 3111 4 11 photo
37.441941 -107.041565 2554986073 b39c446d8a 3257 4 3 photo
37.441941 -107.041565 2554986161 26b920295c 3093 4 3 photo
37.265595 -107.010183 2554991603 546913f910 3155 4 5 photo
37.266291 -106.989358 2554992399 592563f0c3 3003 4 49 photo
37.269169 -107.002984 2554992453 84c860a6ce 3080 4 27 photo
37.269621 -106.994508 2555808622 0ea19b87a1 3081 4 32 photo
37.441941 -107.041565 2555811224 68e7ef80fe 3163 4 7 photo
37.441941 -107.041565 2555811652 8e146244d1 3001 4 17 photo
37.441941 -107.041565 2555811722 7bd3478894 3160 4 5 photo
37.441941 -107.041565 2555811878 18d74d2ca6 3065 4 7 photo
37.441941 -107.041565 2555812020 547b0448fe 3001 4 11 photo
37.409288 -107.053066 2555812656 5c2020cf73 3062 4 2 photo
37.265595 -107.010183 2555818144 3da7b61a70 3037 4 6 photo
37.26666 -107.009877 2686711446 7a93542d05 3296 4 b5c2edfc82 jpg
37.500193 -107.595634 291864557 81912f7e14 106 1 62 photo
37.627144 -107.595538 309769688 f64ac322ff 116 1 f64ac322ff jpg
37.627127 -107.595513 309769831 4390dcaab5 114 1 4390dcaab5 jpg
37.627122 -107.595508 309769967 9a6f9e329f 108 1 9a6f9e329f jpg
37.627108 -107.595491 309770064 44306be315 100 1 44306be315 jpg
37.621369 -107.591744 309770178 ad88ef86b0 104 1 ad88ef86b0 jpg
37.621372 -107.591741 309770360 533fd36eb7 117 1 533fd36eb7 jpg
37.386254 -107.563534 310001997 2247a3bf41 103 1 55 photo
37.385435 -107.563362 310004260 e87c3e68fd 116 1 66 photo
37.385026 -107.563534 310008296 d5d190de6b 114 1 59 photo
37.398801 -107.568083 324584958 6c960d72dc 141 1 91 photo
37.386254 -107.563534 354914098 a7d3c2b3a6 131 1 62 photo
37.386254 -107.563534 354916396 c13ea75e09 31 1 33 photo
37.386254 -107.563534 354918635 8884f982b5 149 1 31 photo
37.386254 -107.563534 354921021 c9418343ee 127 1 91 photo
37.475722 -107.547225 466823216 31683d94e7 167 1 2e0f7807df jpg
37.678976 -107.378836 495018400 f0f3735ade 203 1 88725d2002 jpg
37.678976 -107.378836 495018416 d444db81c3 200 1 c9362198f8 jpg
37.678976 -107.378836 495018422 708fb40a2d 201 1 51ec24a073 jpg
37.626485 -107.46648 495018424 d6d3b06a7a 206 1 2228866114 jpg
37.626485 -107.46648 495018434 c0684b4ebd 200 1 088ac86f65 jpg
37.62688 -107.467403 495018446 1b03cb6c05 189 1 454d70aa85 jpg
37.62688 -107.467403 495060967 5bc6b62f6e 212 1 01ca54553e jpg
37.270722 -107.55895 4976250327 a4911933ce 4126 5 044467784b jpg
37.264305 -107.452462 4976860768 d563016d2a 4124 5 c5faffa00d jpg
37.270722 -107.55895 4976862424 04278dc95b 4144 5 228024eb25 jpg
37.269444 -107.009167 51733335 37d7764ccb 24 1 125 photo
37.266351 -107.010312 758182305 ec5871b414 1248 2 92677a5963 jpg
37.267939 -107.009947 9274470770 cc958a8323 5533 6 21 photo
37.270082 -106.992765 990603605 e6dd624d06 1111 2 2333fa37ce jpg
