lat lon id secret server farm org.scrt fmt
37.688969 128.751804 1348820070 ccee3af3f7 1329 2 17 photo
37.52289 129.116169 1974749511 f2fa29b353 2036 3 cea250d48c jpg
37.690508 129.033411 3297292317 6e7643928e 3662 4 0074997489 jpg
37.690508 129.033411 3297292377 c68434bccf 3217 4 eb3f526ea1 jpg
37.690508 129.033411 3297292429 8a484633bb 3403 4 bcbae24f3b jpg
37.691388 129.033152 3297292447 6913e4690a 3415 4 abb70a9406 jpg
37.691388 129.033152 3297292509 e16895ea43 3298 4 b9bc57d03d jpg
37.690508 129.033411 3297292587 c13789c44a 3543 4 d4359602f2 jpg
37.691388 129.033152 3297292653 f72864b98c 3298 4 996d50551d jpg
37.690508 129.033411 3297292685 c8822d89de 3591 4 96e015cc53 jpg
37.690508 129.033411 3297292731 fd34d031d8 3155 4 10b92c2b26 jpg
37.690508 129.033411 3297292793 404489b467 3608 4 fb228bba37 jpg
37.690508 129.033411 3297292889 4ec789aac8 3194 4 d5d33af53b jpg
37.690508 129.033411 3297293031 65e98ebb20 3434 4 e7e687d83d jpg
37.690508 129.033411 3298118292 b80bfcda6f 3503 4 c5d4a9a674 jpg
37.691388 129.033152 3298118356 6b2b543962 3399 4 b6459e0cf6 jpg
37.690508 129.033411 3298118508 d5351cd12a 3495 4 965b4a69ce jpg
37.690508 129.033411 3298118580 f91d330079 3627 4 f710bcf233 jpg
37.690508 129.033411 3298118662 a99d607759 3619 4 307887c6e3 jpg
37.690508 129.033411 3298118732 331aaf0ea5 3606 4 d085034bba jpg
37.690508 129.033411 3298118780 171940f339 3363 4 14ce2718ed jpg
37.690508 129.033411 3298118868 8a04ea52ed 3370 4 841aa38c92 jpg
37.690508 129.033411 3298118914 41b8dece37 3322 4 1c534109ac jpg
37.690508 129.033411 3298118952 360acd7474 3423 4 1465fceb04 jpg
37.690508 129.033411 3298118982 9a508247c9 3438 4 4c27b8e0b4 jpg
37.403541 129.21112 3599449341 79918d3586 2427 3 7f718d103b jpg
37.403541 129.21112 3599449655 7c5ecb0ecf 3384 4 8cc60d9fdd jpg
37.403541 129.21112 3599449867 9bb70641c3 3351 4 be07b3cc0b jpg
37.403541 129.21112 3599450139 f42e26271e 3611 4 8740e43af6 jpg
37.403541 129.21112 3600262258 4f5e189be4 2473 3 23e0270f50 jpg
37.403541 129.21112 3609805572 6790b05dde 3625 4 5d320f0e5a jpg
37.638159 128.628616 368018524 3091930dc7 117 1 112 photo
37.444881 129.177032 4134170017 7547ae84fc 2646 3 0f055d1b08 jpg
37.687734 128.753129 4617299047 93f8824059 3401 4 5 photo
37.687734 128.753129 4617299131 2f06cb05bf 3324 4 4 photo
37.687734 128.753129 4617299371 eaa00fe3c5 3382 4 4 photo
37.687734 128.753129 4617299465 6edaea5e83 4015 5 5 photo
37.687734 128.753129 4617299581 17f2481b2d 4048 5 4 photo
37.687734 128.753129 4617299889 f4e435559b 4002 5 4 photo
37.687734 128.753129 4617300523 befb1014d7 4068 5 4 photo
37.687734 128.753129 4617300771 e562a46370 3403 4 5 photo
37.687734 128.753129 4617301165 f649d01370 3365 4 4 photo
37.687734 128.753129 4617301269 8830a0bf5d 4034 5 4 photo
37.687734 128.753129 4617301451 c49b8501f8 4041 5 4 photo
37.687734 128.753129 4617301601 1aeffbe0e0 4015 5 4 photo
37.687734 128.753129 4617301769 b6b91aa74c 4009 5 4 photo
37.687734 128.753129 4617301969 76d1ae0312 4002 5 5 photo
37.687734 128.753129 4617302295 d6c561ef0f 4039 5 5 photo
37.687734 128.753129 4617302467 1c46bfdc8c 3375 4 6 photo
37.687734 128.753129 4617303255 db1c2d062f 4028 5 6 photo
37.687734 128.753129 4617303423 1538cc5499 3321 4 5 photo
37.687734 128.753129 4617303677 5b89ddcda6 4025 5 4 photo
37.687734 128.753129 4617304373 4625977a6e 4067 5 4 photo
37.687734 128.753129 4617304951 2f1b2ae1fc 4048 5 8 photo
37.687734 128.753129 4617305463 167ff22329 4063 5 9 photo
37.687734 128.753129 4617306071 561acf30fe 4069 5 4 photo
37.687734 128.753129 4617306223 a1865ed5c1 4057 5 5 photo
37.687734 128.753129 4617306415 9535cb8109 3385 4 4 photo
37.687734 128.753129 4617306819 bc9fedeee4 4056 5 4 photo
37.687734 128.753129 4617307533 a8a6688d2e 4024 5 6 photo
37.687734 128.753129 4617307795 3cef8088ae 4060 5 5 photo
37.687734 128.753129 4617307905 5d36b73915 4030 5 5 photo
37.687734 128.753129 4617308133 9a0f3328ec 4051 5 5 photo
37.687734 128.753129 4617309047 6be3422620 3388 4 5 photo
37.687734 128.753129 4617309513 185ccbf0f4 3320 4 3 photo
37.687734 128.753129 4617309667 bd0276cdb4 4056 5 4 photo
37.687734 128.753129 4617309787 a0f7a06e16 3478 4 5 photo
37.687734 128.753129 4617914190 a68c46fd98 3380 4 4 photo
37.687734 128.753129 4617914474 58ba57337c 4051 5 5 photo
37.687734 128.753129 4617914700 3ebbd9c405 4003 5 4 photo
37.687734 128.753129 4617915332 dc377d5edd 3402 4 7 photo
37.687734 128.753129 4617915466 3247cd43b2 3411 4 5 photo
37.687734 128.753129 4617916534 ec7371eee7 3331 4 5 photo
37.687734 128.753129 4617916962 9f9d3c9ff6 4006 5 5 photo
37.687734 128.753129 4617917102 f28d3bf2f9 4042 5 4 photo
37.687734 128.753129 4617917250 5414462ab9 3313 4 4 photo
37.687734 128.753129 4617917926 44842095e1 4020 5 4 photo
37.687734 128.753129 4617918150 674c441e24 3350 4 4 photo
37.687734 128.753129 4617918498 98053deb04 3303 4 5 photo
37.687734 128.753129 4617918964 c4b34d3952 4035 5 4 photo
37.687734 128.753129 4617919118 a699e7daca 4011 5 9 photo
37.687734 128.753129 4617919490 e4ac7e5f48 4049 5 8 photo
37.687734 128.753129 4617919742 0a6566e355 3337 4 10 photo
37.687734 128.753129 4617920038 715f051e90 3372 4 14 photo
37.687734 128.753129 4617920286 419606a695 4043 5 23 photo
37.687734 128.753129 4617920732 64b8445a28 3373 4 6 photo
37.687734 128.753129 4617920934 f52b4f4063 4051 5 12 photo
37.687734 128.753129 4617921080 0e8dd901dc 3415 4 4 photo
37.687734 128.753129 4617921406 53ddb1f0f3 4068 5 4 photo
37.687734 128.753129 4617921554 873820caa4 3310 4 5 photo
37.687734 128.753129 4617921760 b4e769852d 4066 5 4 photo
37.687734 128.753129 4617922090 9bd37206e1 4023 5 5 photo
37.687734 128.753129 4617922436 cef775c566 4035 5 6 photo
37.687734 128.753129 4617923812 e252576eaf 3351 4 3 photo
37.687483 129.03805 5220111723 272941d4fb 5130 6 f66dca677d jpg
37.6919 129.0324 592035140 72e8679ba5 1019 2 9 photo
37.685 128.7545 592139673 d6d129a847 1341 2 45 photo
37.685 128.7545 592176201 c3734ec06c 1137 2 78 photo
37.685 128.7545 592412864 aeff909270 1402 2 10 photo
37.670913 128.762683 9326266777 dd6dc5b93b 7446 8 5ff697b453 jpg
