lat lon id secret server farm org.scrt fmt
37.4433 116.306 5395032370 b6d174e6f2 5017 6 41 photo
37.443 116.309 5395050261 bd4ccf10d9 5173 6 90 photo
37.443 116.309 5395644508 a284e0e44f 5216 6 76 photo
37.4467 116.309 5396826341 47aec83713 5136 6 64 photo
37.4467 116.309 5396876757 5da9a13a5b 5252 6 49 photo
37.4467 116.309 5396881743 94b1b495cb 5217 6 75 photo
37.4467 116.309 5396884421 1096539905 5137 6 96 photo
37.4467 116.309 5396886951 08c9d80071 5172 6 76 photo
37.4467 116.309 5396893691 d4e0fe2669 5298 6 79 photo
37.4467 116.309 5397422676 8f2f01be32 5220 6 63 photo
37.4467 116.309 5397426582 2b99f9ea86 5172 6 47 photo
37.4467 116.309 5397428148 30c081abf7 5291 6 70 photo
37.4467 116.309 5397477708 199f048eae 5253 6 54 photo
37.4467 116.309 5397489984 9e0dbab0cd 5094 6 212 photo
37.462102 116.313441 5642633099 45ffdc0ba7 5188 6 8895e3428a jpg
37.330009 116.563522 6325709832 e1bd38f1db 6102 7 be718941bf jpg
37.435167 116.364333 6537076625 c8cdcee4e9 7173 8 58e942d219 jpg
37.412833 116.524667 6537142935 f2bd3ccddd 7032 8 c288b96efa jpg
37.419667 116.386833 6718993687 ffa2b91462 7161 8 953825b974 jpg
37.333313 116.400833 8770326722 e25c30d5f2 5443 6 079480752a jpg
37.335333 116.393333 8896511725 74ddfd8baa 3790 4 197f80fcc5 jpg
37.62837 116.380154 9245164601 fca0baee27 3667 4 81 photo
37.627442 116.390994 9245181107 7064c879f2 3755 4 94 photo
37.627442 116.390994 9245186627 293b3af2f6 3721 4 9 photo
37.627442 116.390994 9245205553 48e3bf99b1 5472 6 9 photo
37.627442 116.390994 9245220807 ab34e6d65f 2859 3 7 photo
37.627442 116.390994 9245228991 a71323cd51 5455 6 5 photo
37.62837 116.380154 9245268297 02a66c0748 7408 8 7 photo
37.627442 116.390994 9247958192 50567ac3b4 7321 8 16 photo
37.627442 116.390994 9247992618 75990e22c5 3750 4 8 photo
37.627442 116.390994 9248016334 c0aeb660ac 2843 3 6 photo
37.627442 116.390994 9248022112 25194b0024 3735 4 6 photo
37.62837 116.380154 9248053106 070745c86d 3818 4 7 photo
