lat lon id secret server farm org.scrt fmt
37.624769 -104.781696 122147392 23af764330 35 1 1415 photo
37.44103 -105.382919 222685189 d1fd8caaa9 88 1 d1fd8caaa9 jpg
37.434189 -105.148386 22743253 d00109ec1f 18 1 73 photo
37.624029 -104.781417 231269549 936ae73cd7 61 1 936ae73cd7 jpg
37.434189 -105.148386 23174436 4ae3282cd3 18 1 15 photo
37.434189 -105.148386 23174437 08e83354b3 17 1 39 photo
37.434189 -105.148386 23174438 97a1e8b471 19 1 21 photo
37.434189 -105.148386 23684627 3dadec1883 18 1 24 photo
37.434189 -105.148386 23957338 3fc9bd02e9 18 1 14 photo
37.434189 -105.148386 23957393 43bae39687 18 1 19 photo
37.434189 -105.148386 23957403 262d8b7f1c 18 1 13 photo
37.434189 -105.148386 23957410 0ee21cb777 18 1 15 photo
37.434189 -105.148386 23957421 1549fe2462 18 1 14 photo
37.434189 -105.148386 23957425 cb637e6800 18 1 21 photo
37.434189 -105.148386 23957431 35a8823ae1 18 1 29 photo
37.434189 -105.148386 258186938 5addb1b21f 120 1 143 photo
37.434189 -105.148386 258187135 bf16a59ad7 112 1 38 photo
37.434189 -105.148386 258187400 7011008241 115 1 36 photo
37.434189 -105.148386 258187612 20a9681108 94 1 110 photo
37.434189 -105.148386 258187820 e3fd0741bb 93 1 42 photo
37.434189 -105.148386 258188075 8b6c619ed0 95 1 36 photo
37.434189 -105.148386 258188308 465b56358b 118 1 79 photo
37.434189 -105.148386 258188543 e0f25c374d 92 1 70 photo
37.434189 -105.148386 258188854 19370f8a49 94 1 68 photo
37.434189 -105.148386 258189091 239236332c 108 1 70 photo
37.434189 -105.148386 258189440 df54682708 120 1 33 photo
37.434189 -105.148386 258189717 4efdcf4d46 102 1 68 photo
37.434189 -105.148386 258190229 b34d1fccc4 109 1 56 photo
37.434189 -105.148386 258190567 57354a99cb 109 1 61 photo
37.434189 -105.148386 258190845 a6973bdd09 96 1 71 photo
37.434189 -105.148386 258191081 af127c3585 96 1 43 photo
37.434189 -105.148386 258191503 d5600529b6 100 1 41 photo
37.434189 -105.148386 258191635 9896e38e4a 95 1 57 photo
37.434189 -105.148386 258192037 89b4c01c98 99 1 52 photo
37.434189 -105.148386 258192234 6434abe204 98 1 49 photo
37.434189 -105.148386 258192432 ed699abcdf 92 1 24 photo
37.434189 -105.148386 258192777 cdaf3a61d2 102 1 20 photo
37.434189 -105.148386 27254612 8940422a28 21 1 49 photo
37.434189 -105.148386 27985714 dfba965d07 21 1 11 photo
37.434189 -105.148386 28094140 814ac59fc8 23 1 50 photo
37.434189 -105.148386 28230608 d16a1dc3c4 22 1 41 photo
37.434189 -105.148386 28230609 d97ae642b2 22 1 35 photo
37.50961 -105.008 304491612 912db20c9b 121 1 912db20c9b jpg
37.510121 -105.00903 304600277 27b82e2715 102 1 27b82e2715 jpg
37.510121 -105.00903 304603721 4bc98ea2d2 100 1 4bc98ea2d2 jpg
37.658889 -105.213889 32130361 bbdc24aeaa 22 1 68 photo
37.658889 -105.213889 32130479 cf11c0305d 23 1 19 photo
37.658889 -105.213889 32130574 e6abeea4b4 22 1 104 photo
37.568611 -105.311667 32130964 7c264cb009 21 1 20 photo
37.568611 -105.311667 32131324 2b1d031395 23 1 78 photo
37.568611 -105.311667 32131364 81a130a715 22 1 20 photo
37.568611 -105.311667 32131652 e4f2c9cfe9 22 1 51 photo
37.617014 -104.799453 3267675099 d2a77dd65a 3486 4 6fd53e36d9 jpg
37.434189 -105.148386 36526856 9047442a30 24 1 11 photo
37.434189 -105.148386 36526859 8390703cd1 26 1 23 photo
37.434189 -105.148386 36526886 21c189f594 25 1 21 photo
37.434189 -105.148386 36526895 758b413bb4 22 1 27 photo
37.434189 -105.148386 36526913 31413d6721 25 1 14 photo
37.434189 -105.148386 36526918 2839de2c03 28 1 9 photo
37.434189 -105.148386 36526942 f511357b0d 24 1 19 photo
37.434189 -105.148386 41155577 ff1e8216b8 24 1 13 photo
37.434189 -105.148386 41155595 0ff470547b 24 1 15 photo
37.434189 -105.148386 41155602 a21d52843f 26 1 25 photo
37.434189 -105.148386 41155650 a0bb816c91 24 1 21 photo
37.391333 -104.959333 445423968 0fb17a7c0c 184 1 9658d2b820 jpg
37.391333 -104.959333 53196119 d7b4303ce3 29 1 0b2fc20ae9 jpg
37.391333 -104.959333 53196657 be854a9bb9 33 1 95879d242a jpg
37.391333 -104.959333 53197124 974ef92db6 24 1 b427021a5b jpg
37.391333 -104.959333 53197325 dc4d27a555 32 1 2f668c6542 jpg
37.391333 -104.959333 53197515 56c5b07c32 25 1 b44ac4429e jpg
37.391333 -104.959333 53197993 9053dbb8ad 28 1 9053dbb8ad jpg
37.391333 -104.959333 53198235 7c4ec952ba 29 1 d093e6667a jpg
37.434189 -105.148386 5724695 75ea9a1a28 6 1 29 photo
37.434189 -105.148386 5724696 7d7a3c9307 3 1 87 photo
37.434189 -105.148386 5724697 c3d49b2004 4 1 71 photo
37.434189 -105.148386 5724713 a3474211ff 3 1 39 photo
37.434189 -105.148386 5724737 3fb2d09e8d 3 1 25 photo
37.434189 -105.148386 5724757 2cfb0d0dfa 3 1 18 photo
37.434189 -105.148386 5724768 22744c1be7 4 1 53 photo
37.434189 -105.148386 5724780 3db73b9645 6 1 40 photo
37.434189 -105.148386 5724789 220682cbf1 4 1 37 photo
37.434189 -105.148386 5724793 a5186b8a28 4 1 51 photo
37.434189 -105.148386 5724798 0dbd28f14b 4 1 14 photo
37.434189 -105.148386 5724799 2836e41efe 6 1 31 photo
37.434189 -105.148386 5724807 1895d051d6 3 1 24 photo
37.434189 -105.148386 5724811 7d141ee055 6 1 45 photo
37.434189 -105.148386 5724817 845393777b 3 1 84 photo
37.434189 -105.148386 5724819 fffb754faf 6 1 31 photo
37.434189 -105.148386 5724824 68e960ea69 4 1 31 photo
37.434189 -105.148386 5724836 3404e2a1b2 3 1 94 photo
37.434189 -105.148386 5724842 db19dbf8e4 3 1 46 photo
37.434189 -105.148386 5724853 f3bf43b167 4 1 24 photo
37.434189 -105.148386 5724869 95143f9c99 4 1 46 photo
37.434189 -105.148386 5724876 73733802d5 4 1 227 photo
37.434189 -105.148386 5724878 232aadfb6a 4 1 37 photo
37.434189 -105.148386 5724880 ab91414f5e 3 1 20 photo
37.589206 -105.202503 6153098851 a44ae0c129 6185 7 2695865be6 jpg
37.348599 -105.02478 6342034714 04a88aaa20 6118 7 e3a6ac1cff jpg
37.54094 -105.059638 88442498 ab6b391412 13 1 1210 photo
37.54094 -105.059638 93392965 f9897d6d51 30 1 181 photo
