lat lon id secret server farm org.scrt fmt
37.601176 30.642242 5548693246 69c44fe462 5222 6 89887d5273 jpg
37.459166 30.595 5991469988 e22dbfb134 6022 7 44b94306bc jpg
37.506049 30.755195 6311392685 ca61c4c9ae 6094 7 6c58a4b6a3 jpg
37.317363 30.813872 7387827540 7c39a288ff 5443 6 6 photo
37.317302 30.813888 7387827984 caf697f2a9 5344 6 3 photo
37.575894 30.985152 7387875220 24e7db9edb 7095 8 6 photo
37.577613 30.984022 7387875664 a4f2274a81 5343 6 8 photo
37.531413 31.195827 7387875988 bc0bb4192c 5338 6 4 photo
37.523883 31.186413 7387876860 f472e3d52e 7088 8 2 photo
37.518847 31.191433 7387877322 c38514c6d9 7084 8 3 photo
37.518644 31.190883 7387877670 fc8be0f62e 7091 8 3 photo
37.518633 31.190836 7387878402 e4de63d889 7219 8 3 photo
37.516222 31.190938 7387879032 e86de32f02 7080 8 7 photo
37.513694 31.190505 7387879802 85935a7f3d 7230 8 3 photo
37.5123 31.191619 7387880286 929e63198c 7220 8 4 photo
37.512322 31.191697 7387880860 526a539ff5 7102 8 3 photo
37.512322 31.191722 7387881822 6dec8128d5 7083 8 3 photo
37.511522 31.192388 7387882592 3d02951f04 7097 8 3 photo
37.511894 31.190344 7387883736 521dce6114 8157 9 3 photo
37.511169 31.191852 7387884744 48a4a23f72 7104 8 3 photo
37.51008 31.191055 7387885344 089cb40887 7239 8 2 photo
37.50878 31.189875 7387885830 bb596d94d4 7076 8 2 photo
37.508769 31.189869 7387886258 ab27570aeb 8010 9 2 photo
37.5041 31.191502 7387886996 156db72485 7211 8 2 photo
37.501886 31.194122 7387887734 f73438505d 8142 9 2 photo
37.501797 31.194058 7387888278 83ffc77aa1 8006 9 2 photo
37.501163 31.195186 7387888958 1cf76dd98c 7221 8 2 photo
37.49948 31.198958 7387890080 d5302bc3f1 5350 6 2 photo
37.496202 31.19903 7387891010 37ea033cbf 7085 8 2 photo
37.495344 31.200005 7387891678 6d031b4d8f 7228 8 2 photo
37.49523 31.200061 7387892358 0d52491bde 7081 8 2 photo
37.495255 31.200066 7387892870 1d7ffccd0b 7222 8 2 photo
37.495263 31.200088 7387893580 0677c9b2c3 8024 9 7 photo
37.495097 31.200102 7387894178 6e11896c8f 7242 8 3 photo
37.494905 31.200363 7387894858 a4518fb39c 5319 6 3 photo
37.493794 31.202086 7387895452 161cac222b 8001 9 4 photo
37.493263 31.202122 7387895916 2100a754fd 5334 6 6 photo
37.493288 31.202188 7387896350 259ca9e4d9 5038 6 3 photo
37.493427 31.202155 7387897026 8d7e8c0ce9 7076 8 4 photo
37.493511 31.201966 7387897732 ba6a5f59ee 5071 6 4 photo
37.491894 31.201955 7387898248 b0b392fe60 5120 6 8 photo
37.49078 31.200966 7387898662 83d222deeb 7222 8 3 photo
37.486683 31.196044 7387899560 45b7647d88 5333 6 5 photo
37.485594 31.195119 7387900320 f9bc650438 7072 8 4 photo
37.485519 31.195138 7387901368 4cff221dae 7079 8 3 photo
37.485408 31.195069 7387901970 e4fbd8666f 8019 9 4 photo
37.485383 31.195558 7387902758 06194a8cae 5447 6 3 photo
37.485497 31.195472 7387903522 bab786f586 5272 6 6 photo
37.485422 31.19543 7387904318 b55fd089dc 7230 8 3 photo
37.485483 31.195427 7387905088 113fcd9708 7213 8 3 photo
37.485427 31.19555 7387906068 aa9c5a04b6 7222 8 6 photo
37.48553 31.195436 7387906542 4dee4a4556 8013 9 7 photo
37.485519 31.195375 7387907186 6186a5513c 7098 8 3 photo
37.484219 31.195894 7387907988 3ec444a1d8 5320 6 5 photo
37.484344 31.196075 7387908760 8d59c47d8e 7229 8 3 photo
37.484186 31.196513 7387909894 5ca333f935 7088 8 3 photo
37.48088 31.198772 7387911064 3ace6af3f6 7219 8 5 photo
37.480919 31.198566 7387911744 737e509965 7214 8 4 photo
37.47973 31.198038 7387912972 7d44ee882c 8163 9 2 photo
37.477338 31.198738 7387913456 5de167429e 8026 9 2 photo
37.476002 31.199825 7387914080 40556de5a8 7088 8 4 photo
37.475627 31.200019 7387914800 fe1ab6669b 7231 8 2 photo
37.475238 31.200527 7387915360 221d590533 7212 8 2 photo
37.475327 31.200527 7387916068 d83ee583a1 8010 9 2 photo
37.475352 31.200486 7387916872 e03b70722b 8153 9 5 photo
37.298933 31.193616 7387917124 deb58500c4 7217 8 3 photo
37.298794 31.193619 7387917896 8635c54560 7239 8 4 photo
37.298822 31.193677 7387918452 7ecba71d59 7104 8 3 photo
37.28228 31.141338 7387919418 44c6de9758 8021 9 2 photo
37.281425 31.141344 7387920244 eb081f56e2 8018 9 2 photo
37.281402 31.141197 7387921484 3a0cba77ed 8009 9 3 photo
37.280527 31.140372 7387922544 ee4c55ea03 7242 8 3 photo
37.27508 31.131905 7387923768 58c104be1a 5346 6 9 photo
37.274983 31.131977 7387924596 ff29247479 8013 9 4 photo
37.275152 31.132152 7387925572 3cd7504892 7079 8 3 photo
37.273263 31.132177 7387926458 5604d08870 5457 6 3 photo
37.264047 31.125205 7387927146 9d3c48b169 7096 8 3 photo
37.379979 30.834331 8254883651 052cf3c27b 8207 9 7c383be78c jpg
37.378512 30.83211 8254941521 59829a4f57 8346 9 4a91a9e498 jpg
37.378546 30.83196 8254942029 9d427cabd7 8344 9 48861ec740 jpg
37.632091 30.706294 8497353237 1aa76442e0 8229 9 e6076dbf5c jpg
37.654677 30.703075 8497354191 3fd180fc7b 8367 9 27d8582ab2 jpg
37.371444 30.742586 8498455398 18d9fab80e 8252 9 f3488a5bfb jpg
37.391411 30.74055 8498456214 c5b436e32d 8365 9 2af0d7f528 jpg
