lat lon id secret server farm org.scrt fmt
37.511166 -127.050166 3041828897 fd8574285b 3025 4 11 photo
37.511166 -127.050166 3042672068 404c896b67 3207 4 12 photo
37.511166 -127.050166 3042672440 140192ccf7 3213 4 15 photo
37.511166 -127.050166 3042672628 00622226c5 3212 4 15 photo
37.511166 -127.050166 3055757930 df1051e9e9 3015 4 12 photo
37.511166 -127.050166 3055758000 5d2c3049d2 3144 4 8 photo
37.511166 -127.050166 3055758064 4ce67a2af5 3288 4 9 photo
37.511166 -127.050166 3055758126 8928eaa7e8 3191 4 13 photo
37.511166 -127.050166 3055758204 5b04c196cd 3188 4 8 photo
37.511166 -127.050166 3055758320 08ac680e81 3162 4 15 photo
37.503666 -127.046 3061808837 face7b9ec6 3191 4 20 photo
37.503666 -127.046 3062648570 c17da44b5e 3041 4 16 photo
37.508 -127.055833 3062648736 0b3d061ca4 3197 4 18 photo
37.505166 -127.064 3063900629 b951a9e1d4 3248 4 6 photo
37.505166 -127.064 3063900979 a3248ec91b 3044 4 9 photo
37.505166 -127.064 3063901395 44be49ac0c 3006 4 9 photo
37.505166 -127.064 3063901595 131d9caff9 3275 4 11 photo
37.505166 -127.064 3064741546 4b9544806d 3269 4 7 photo
37.505166 -127.064 3064741948 c88c0cef85 3147 4 5 photo
37.505166 -127.064 3064742354 b4983f7232 3056 4 6 photo
37.505166 -127.064 3064743066 086bf0a19e 3152 4 12 photo
37.506333 -127.056833 3076065654 f21246233d 3270 4 18 photo
37.525666 -126.8865 3090435677 09108845d2 3011 4 14 photo
37.525666 -126.8865 3090435805 3e1cfbb92b 3105 4 21 photo
37.525666 -126.8865 3100731941 48e7958d7c 3155 4 9 photo
37.508 -127.055833 3100732097 aeeb939822 3082 4 12 photo
37.525666 -126.8865 3101570272 573ca1c148 3079 4 7 photo
37.525666 -126.8865 3108365921 e95cd40da0 3202 4 12 photo
37.525666 -126.8865 3109196876 c252741e59 3017 4 4 photo
37.525666 -126.8865 3109198078 aa7b5e533b 3167 4 5 photo
37.525666 -126.8865 3109198238 f1c6efe7e8 3261 4 8 photo
37.525666 -126.8865 3119449972 b6bf2ba962 3133 4 34 photo
37.508 -127.055833 3157615483 4d3b557d51 3127 4 21 photo
37.525666 -126.8865 3158447356 b67e0b8f26 3080 4 13 photo
37.508 -127.055833 3173306926 c88c189e6f 3341 4 20 photo
37.4995 -127.032667 3199625047 92bf32bed6 3318 4 11 photo
37.506333 -127.056834 3199625205 2325de8c5a 3258 4 12 photo
37.506833 -127.057 3199625553 c6892f6030 3467 4 14 photo
37.507333 -127.056 3199625753 725075eaa4 3354 4 13 photo
37.507333 -127.056 3199625863 d06e050c40 3386 4 16 photo
37.4995 -127.032667 3200471822 f82fc3bee2 3344 4 8 photo
37.506333 -127.056834 3200471982 7652c00a0c 3392 4 18 photo
37.506333 -127.056834 3200472094 7e3b148823 3536 4 8 photo
37.506333 -127.056834 3200472184 92db70d19a 3515 4 14 photo
37.506833 -127.057 3200472368 e822820a88 3503 4 13 photo
37.525666 -126.886501 3222578512 3a3b6f1bef 3102 4 38 photo
37.525999 -127.0365 3265051911 362ef92958 3474 4 13 photo
37.507833 -127.055667 3265052527 39132b7830 3494 4 15 photo
37.525999 -127.0365 3265875742 df6c8187da 3424 4 8 photo
37.5075 -127.055834 3327215096 c2e31ce5b0 3264 4 56 photo
37.5075 -127.055834 3328126212 5082dd9ab3 3412 4 13 photo
37.507833 -127.064834 3339270427 51ba631f02 3657 4 8 photo
37.5075 -127.055834 3553067785 abf2f5832e 3634 4 39 photo
37.493666 -126.992334 3560718695 77d9828b1f 3335 4 13 photo
37.493666 -126.992334 3561536754 bd4817f240 3319 4 15 photo
37.525666 -126.886501 3584035450 3bf36eb8f1 3305 4 20 photo
37.506333 -127.060667 3596767405 0d454b168f 3604 4 20 photo
37.506333 -127.060667 3596767503 79473621ce 3356 4 89 photo
37.511333 -127.05 3602678303 eef7b80bcb 2452 3 9 photo
37.511166 -127.050167 3603494100 e8c29f1e61 3657 4 5 photo
37.507666 -127.055834 3605610804 35b16d4aa3 3336 4 5 photo
37.507666 -127.055834 3626858835 4b8771bb10 3389 4 89 photo
37.518333 -127.0435 3648053455 c4ab1017bc 3649 4 3 photo
37.518333 -127.0435 3648053905 b511aace48 2433 3 4 photo
37.518333 -127.0435 3648054509 9211c4a00c 3388 4 5 photo
37.518333 -127.0435 3648858956 f2858ed339 2423 3 6 photo
37.518333 -127.0435 3648859102 043c24bb5c 3627 4 3 photo
37.518333 -127.0435 3648859236 3a4e0cc708 3612 4 6 photo
37.518333 -127.0435 3648859304 dd3d420df0 2475 3 5 photo
37.518333 -127.0435 3648859556 5acedc27d2 3328 4 6 photo
37.518333 -127.0435 3648860566 1d30565c32 3611 4 7 photo
37.518333 -127.0435 3648860718 6ff291c827 3325 4 11 photo
37.518333 -127.0435 3648860940 9d9a6facaa 3620 4 28 photo
37.518333 -127.0435 3648861282 b1ec250b82 3628 4 8 photo
37.518333 -127.0435 3648861540 c1f39d4acb 3364 4 13 photo
37.49265 -126.924214 4623166412 96edf13838 4035 5 10 photo
37.536928 -126.977136 8675851483 d8b4e8d9ba 8537 9 bb574132b8 jpg
37.536928 -126.977136 8675852521 d1a0cc6df9 8259 9 405a082ae4 jpg
37.536928 -126.977136 8675853389 3523ac9628 8546 9 ee0456fe99 jpg
37.536928 -126.977136 8676958788 923643be47 8532 9 3e55d4223a jpg
