lat lon id secret server farm org.scrt fmt
37.688969 128.751804 1348820070 ccee3af3f7 1329 2 17 photo
37.560416 128.3465 1455991257 8808b733ca 1128 2 1ba84f3e74 jpg
37.560361 128.3465 1455995255 cd2399ece4 1219 2 22f93d356c jpg
37.560361 128.3465 1455998347 aedfd5bae9 1243 2 d1684c8a9f jpg
37.560361 128.3465 1456006571 d8cab44d21 1197 2 734ca0367d jpg
37.580972 128.326055 1456009085 1fc82212f5 1198 2 98a0e47cf1 jpg
37.580972 128.326055 1456013681 5bed3d2c36 1003 2 d4031cb63e jpg
37.581027 128.327166 1456017215 20f7c01bc0 1203 2 3cdb615fa3 jpg
37.581027 128.327166 1456019597 172792001c 1256 2 1d98d7dab4 jpg
37.581472 128.328222 1456022543 54f4687148 1230 2 09d86f22b4 jpg
37.581388 128.328111 1456028585 e82d53f769 1317 2 0d79c7e7eb jpg
37.582222 128.326694 1456033907 dfc76cc556 1013 2 ed7ab311b4 jpg
37.639166 128.340388 1456040081 2737c29fd4 1211 2 2ecca955fa jpg
37.638305 128.341611 1456065287 e1514aa27e 1360 2 b08f7e7857 jpg
37.638333 128.341694 1456067333 15411f5599 1371 2 234f75e71c jpg
37.638027 128.341527 1456075073 922fb290ec 1395 2 d5eb478b09 jpg
37.637833 128.341416 1456078777 411760d415 1351 2 ba3ecfbb14 jpg
37.637833 128.341416 1456080835 9658826dcd 1120 2 22167ac863 jpg
37.637555 128.341416 1456089145 e402f7d76f 1129 2 a3da822833 jpg
37.560361 128.3465 1456865732 eccc7d9caf 1078 2 8e329368c8 jpg
37.581388 128.328111 1456891380 375eddf85d 1072 2 42bfe29080 jpg
37.581388 128.328111 1456896762 9000313ba5 1074 2 6a342de089 jpg
37.582194 128.326666 1456900922 fccc8c6bbf 1353 2 39d613d47d jpg
37.639305 128.339722 1456903840 aa4a383b68 1210 2 61f9e3685b jpg
37.638722 128.340972 1456907324 9cb5727b36 1082 2 5a93a498a2 jpg
37.638472 128.341472 1456916126 89df48c211 1035 2 bee2ac501f jpg
37.638416 128.341444 1456919232 4b7454309a 1134 2 3ab9305a2e jpg
37.638361 128.341444 1456924802 1e76c8c058 1053 2 c5a0c5d29f jpg
37.638333 128.3415 1456928238 2aa1bf19b6 1033 2 7216b34921 jpg
37.638361 128.341638 1456935798 12e36afe51 1174 2 d3277138c1 jpg
37.638055 128.341583 1456937772 78de753ef3 1142 2 379c59bfbf jpg
37.637694 128.341305 1456949900 f2e9922d20 1384 2 7a5bb3ef2e jpg
37.637472 128.341361 1456959702 a0377632ef 1157 2 221138d6db jpg
37.638159 128.628616 368018524 3091930dc7 117 1 112 photo
37.687734 128.753129 4617299047 93f8824059 3401 4 5 photo
37.687734 128.753129 4617299131 2f06cb05bf 3324 4 4 photo
37.687734 128.753129 4617299371 eaa00fe3c5 3382 4 4 photo
37.687734 128.753129 4617299465 6edaea5e83 4015 5 5 photo
37.687734 128.753129 4617299889 f4e435559b 4002 5 4 photo
37.687734 128.753129 4617300523 befb1014d7 4068 5 4 photo
37.687734 128.753129 4617300771 e562a46370 3403 4 5 photo
37.687734 128.753129 4617301165 f649d01370 3365 4 4 photo
37.687734 128.753129 4617301269 8830a0bf5d 4034 5 4 photo
37.687734 128.753129 4617301451 c49b8501f8 4041 5 4 photo
37.687734 128.753129 4617301601 1aeffbe0e0 4015 5 4 photo
37.687734 128.753129 4617301769 b6b91aa74c 4009 5 4 photo
37.687734 128.753129 4617301969 76d1ae0312 4002 5 5 photo
37.687734 128.753129 4617302295 d6c561ef0f 4039 5 5 photo
37.687734 128.753129 4617302467 1c46bfdc8c 3375 4 6 photo
37.687734 128.753129 4617303255 db1c2d062f 4028 5 6 photo
37.687734 128.753129 4617303423 1538cc5499 3321 4 5 photo
37.687734 128.753129 4617303677 5b89ddcda6 4025 5 4 photo
37.687734 128.753129 4617304373 4625977a6e 4067 5 4 photo
37.687734 128.753129 4617304951 2f1b2ae1fc 4048 5 8 photo
37.687734 128.753129 4617305463 167ff22329 4063 5 9 photo
37.687734 128.753129 4617306071 561acf30fe 4069 5 4 photo
37.687734 128.753129 4617306223 a1865ed5c1 4057 5 5 photo
37.687734 128.753129 4617306415 9535cb8109 3385 4 4 photo
37.687734 128.753129 4617306819 bc9fedeee4 4056 5 4 photo
37.687734 128.753129 4617307533 a8a6688d2e 4024 5 6 photo
37.687734 128.753129 4617307795 3cef8088ae 4060 5 5 photo
37.687734 128.753129 4617307905 5d36b73915 4030 5 5 photo
37.687734 128.753129 4617308133 9a0f3328ec 4051 5 5 photo
37.687734 128.753129 4617309047 6be3422620 3388 4 5 photo
37.687734 128.753129 4617309513 185ccbf0f4 3320 4 3 photo
37.687734 128.753129 4617309667 bd0276cdb4 4056 5 4 photo
37.687734 128.753129 4617309787 a0f7a06e16 3478 4 5 photo
37.687734 128.753129 4617914190 a68c46fd98 3380 4 4 photo
37.687734 128.753129 4617914474 58ba57337c 4051 5 5 photo
37.687734 128.753129 4617914700 3ebbd9c405 4003 5 4 photo
37.687734 128.753129 4617915332 dc377d5edd 3402 4 7 photo
37.687734 128.753129 4617915466 3247cd43b2 3411 4 5 photo
37.687734 128.753129 4617916534 ec7371eee7 3331 4 5 photo
37.687734 128.753129 4617916962 9f9d3c9ff6 4006 5 5 photo
37.687734 128.753129 4617917102 f28d3bf2f9 4042 5 4 photo
37.687734 128.753129 4617917250 5414462ab9 3313 4 4 photo
37.687734 128.753129 4617917926 44842095e1 4020 5 4 photo
37.687734 128.753129 4617918150 674c441e24 3350 4 4 photo
37.687734 128.753129 4617918498 98053deb04 3303 4 5 photo
37.687734 128.753129 4617918964 c4b34d3952 4035 5 4 photo
37.687734 128.753129 4617919118 a699e7daca 4011 5 9 photo
37.687734 128.753129 4617919490 e4ac7e5f48 4049 5 8 photo
37.687734 128.753129 4617919742 0a6566e355 3337 4 10 photo
37.687734 128.753129 4617920038 715f051e90 3372 4 14 photo
37.687734 128.753129 4617920286 419606a695 4043 5 23 photo
37.687734 128.753129 4617920732 64b8445a28 3373 4 6 photo
37.687734 128.753129 4617920934 f52b4f4063 4051 5 12 photo
37.687734 128.753129 4617921080 0e8dd901dc 3415 4 4 photo
37.687734 128.753129 4617921406 53ddb1f0f3 4068 5 4 photo
37.687734 128.753129 4617921554 873820caa4 3310 4 5 photo
37.687734 128.753129 4617921760 b4e769852d 4066 5 4 photo
37.687734 128.753129 4617922090 9bd37206e1 4023 5 5 photo
37.687734 128.753129 4617922436 cef775c566 4035 5 6 photo
37.687734 128.753129 4617923812 e252576eaf 3351 4 3 photo
37.685 128.7545 592139673 d6d129a847 1341 2 45 photo
37.685 128.7545 592176201 c3734ec06c 1137 2 78 photo
37.591 128.3066 592197817 02a047e10f 1279 2 7 photo
37.685 128.7545 592412864 aeff909270 1402 2 10 photo
37.460666 128.5595 869132313 95de131797 1332 2 649bb217cd jpg
37.670913 128.762683 9326266777 dd6dc5b93b 7446 8 5ff697b453 jpg
