lat lon id secret server farm org.scrt fmt
37.503912 -81.357622 100251192 b87cd9f284 37 1 170 photo
37.503912 -81.357622 100251193 31e9413947 36 1 197 photo
37.532126 -81.37939 101450654 2fa2e716b7 34 1 35 photo
37.532126 -81.37939 102983337 78e3119a0b 40 1 265 photo
37.532126 -81.37939 103205060 04d96c140b 41 1 90 photo
37.532126 -81.37939 103205061 3e0bda2b16 41 1 74 photo
37.532126 -81.37939 106591832 25314f3009 34 1 25 photo
37.532126 -81.37939 107302787 7d331aa8e4 39 1 10 photo
37.532126 -81.37939 108071278 caa19dfd56 43 1 93 photo
37.536733 -81.37879 108071282 8554cdc797 35 1 48 photo
37.532126 -81.37939 108071284 c609c5e7ee 45 1 24 photo
37.532126 -81.37939 115002154 f72d2a3e09 40 1 23 photo
37.532126 -81.37939 115002155 4a114e1e64 19 1 38 photo
37.433648 -81.584955 2248945507 1cf0a48b44 2389 3 fd5f659f69 jpg
37.582107 -81.381279 2325218209 3904d4b10b 3216 4 351 photo
37.321744 -81.291489 2665079092 a47de24f77 3089 4 110 photo
37.321744 -81.291489 2665079958 4db0b794dd 3181 4 46 photo
37.321744 -81.291489 2665080774 0fc26d4548 3041 4 53 photo
37.321744 -81.291489 2665081662 917ab8c227 3057 4 60 photo
37.389595 -81.671719 2665857295 8be2eedbeb 3146 4 912 photo
37.324952 -81.312346 2665985462 72f4e28b73 3290 4 25 photo
37.324952 -81.312346 2665985574 d92f4543e8 3183 4 33 photo
37.324952 -81.312346 2665985742 cc06398482 3016 4 24 photo
37.324952 -81.312346 2665985836 ea1fb659f0 3154 4 21 photo
37.389595 -81.671719 2666681102 2dcb7a38bd 3090 4 484 photo
37.378069 -81.643481 2666681206 296874d442 3256 4 314 photo
37.325464 -81.216151 297057718 79f392d3f6 104 1 79f392d3f6 jpg
37.582456 -81.380892 3213609576 9fd7fe2a51 3264 4 276 photo
37.267598 -81.221151 3492440836 9ac064209b 3354 4 4e686bfb7a jpg
37.267013 -81.221601 3492440842 18538d61ef 3608 4 749864bcfb jpg
37.268417 -81.221601 3492440844 367831864b 3320 4 7fe5e017d0 jpg
37.268891 -81.222438 3492440848 7d4b74f828 3324 4 e89ebb161f jpg
37.323515 -81.311434 3889673615 97f98ed5d1 3037 4 383 photo
37.686953 -81.217192 4386651953 c4d149253c 2788 3 1e753f9a38 jpg
37.686953 -81.217192 4386652195 5c4b30087f 4014 5 bdcf64e12d jpg
37.686953 -81.217192 4386653109 159df3b9ac 2753 3 fcf055ecfc jpg
37.686953 -81.217192 4386653683 2e5980fe6a 4053 5 b8538705e5 jpg
37.686953 -81.217192 4386653949 08e2f96cf8 4065 5 7acbfeb7e1 jpg
37.686953 -81.217192 4386654755 14d00a30c6 2792 3 bd7e485af3 jpg
37.686953 -81.217192 4386655041 cb097d6abc 4023 5 ba745511a1 jpg
37.686953 -81.217192 4386655385 3982445cf9 4022 5 9945969f43 jpg
37.686953 -81.217192 4386655605 b4defd4644 2693 3 d89aba2582 jpg
37.686953 -81.217192 4386655895 abf827b458 2735 3 c6069817e1 jpg
37.686953 -81.217192 4386656095 8455811ca4 4030 5 3285be726b jpg
37.686953 -81.217192 4386656397 d1642ae64d 4014 5 3d2f090786 jpg
37.686953 -81.217192 4386656719 0f95557756 4071 5 43e2f12b7e jpg
37.686953 -81.217192 4387414796 c8d232c802 4043 5 355dea795e jpg
37.686953 -81.217192 4387415036 87766d3323 2737 3 8e1d962943 jpg
37.686953 -81.217192 4387415598 cfe4a79abc 2761 3 db3b2cf681 jpg
37.686953 -81.217192 4387416398 49a36ef84f 2763 3 abcb8412fd jpg
37.686953 -81.217192 4387416618 00dc2db2e9 4028 5 230d37a6cd jpg
37.329474 -81.686697 4496919667 32599e97a2 2784 3 21785ce118 jpg
37.292073 -81.697136 4508149023 0cefc01ef9 2156 3 b857380f43 jpg
37.388111 -81.653029 4508149025 f1d611f965 2047 3 b30b7a5174 jpg
37.324935 -81.309138 52783761 9f8b7fc970 26 1 22 photo
37.324935 -81.309138 52783770 816e8e9e02 33 1 20 photo
37.324935 -81.309138 52783788 edf58a30c5 31 1 19 photo
37.324935 -81.309138 52783813 19595a751e 32 1 24 photo
37.324935 -81.309138 52783822 8245f721cd 24 1 18 photo
37.324935 -81.309138 52783827 7fffd93bcb 26 1 28 photo
37.324935 -81.309138 52783849 2fbb630ab8 26 1 19 photo
37.324935 -81.309138 52783863 f30009c7da 24 1 31 photo
37.324935 -81.309138 52783876 c166a88e78 27 1 38 photo
37.324935 -81.309138 52783883 79ccd03e86 30 1 16 photo
37.324935 -81.309138 52783897 42ee59c86f 30 1 23 photo
37.324935 -81.309138 52783904 b607fcc9fd 25 1 14 photo
37.324935 -81.309138 52783914 4bd522dd16 24 1 15 photo
37.324935 -81.309138 52783922 cd1d0d2249 29 1 34 photo
37.324935 -81.309138 52783926 f0e6c80773 30 1 15 photo
37.324935 -81.309138 52783956 5bf4b21404 26 1 18 photo
37.324935 -81.309138 52783972 343fd2c34a 24 1 19 photo
37.324935 -81.309138 52784010 16d532f7fd 27 1 18 photo
37.324935 -81.309138 52784037 df01932926 25 1 13 photo
37.324935 -81.309138 52784050 517041b95b 26 1 14 photo
37.324935 -81.309138 52784073 446c21815a 31 1 13 photo
37.324935 -81.309138 52784091 a29cf67853 26 1 12 photo
37.324935 -81.309138 52784124 c7c6cbab9b 30 1 38 photo
37.324935 -81.309138 52784154 cb2543c59e 24 1 21 photo
37.324935 -81.309138 52784176 cb08905a6b 26 1 25 photo
37.324935 -81.309138 52784195 76e8edfb74 26 1 21 photo
37.324935 -81.309138 52784213 77761a74a5 24 1 30 photo
37.324935 -81.309138 52784232 f1adaeb7fa 28 1 14 photo
37.324935 -81.309138 52784241 99214902ad 33 1 14 photo
37.324935 -81.309138 52784263 31117d1dae 26 1 65 photo
37.324935 -81.309138 52784279 39f537d79b 25 1 32 photo
37.324935 -81.309138 52784309 bc2875756d 31 1 28 photo
37.324935 -81.309138 52784317 b650d0a277 28 1 11 photo
37.324935 -81.309138 52784327 c814a2dda6 26 1 15 photo
37.324935 -81.309138 52784347 9d37a32f75 25 1 16 photo
37.324935 -81.309138 52784375 7028ab13da 29 1 38 photo
37.324935 -81.309138 52784404 5d451370ce 31 1 19 photo
37.324935 -81.309138 52784421 408a697ab0 24 1 25 photo
37.324935 -81.309138 52784435 0945699b12 31 1 16 photo
37.58354 -81.381171 5335080670 6285531d12 5169 6 60 photo
37.583497 -81.38174 7001331714 14541bb4ca 7053 8 139 photo
37.532126 -81.37939 82728432 0075141f9b 40 1 36 photo
37.566491 -81.350551 83527639 7f5693847f 36 1 207 photo
37.566491 -81.350551 83528800 18dad830d6 40 1 277 photo
37.532126 -81.37939 98400991 15c852f4dc 39 1 98 photo
37.532126 -81.37939 99175618 c2870679d3 24 1 40 photo
