lat lon id secret server farm org.scrt fmt
54.851861 37.284166 11385696045 923168c57d 7290 8 b196547341 jpg
54.851861 37.284166 11385706835 1aea0c65b8 7426 8 e933e4e12e jpg
54.917881 37.405411 1703435653 cca7f7ab07 2169 3 286 photo
54.730766 37.409133 1850198657 13e1398dde 2365 3 a21dd61bab jpg
54.730766 37.409133 1850203517 1441e78998 2413 3 effe70bdcf jpg
54.730766 37.409133 1850214095 f852b9e15a 2264 3 d1ef7167ba jpg
54.730766 37.409133 1850221701 3d9aa39a59 2182 3 755c65c3d8 jpg
54.730766 37.409133 1850378929 506b18e8cb 2192 3 d3eaa7ca06 jpg
54.730766 37.409133 1850418559 2cb9d1c1f2 2287 3 df1995620f jpg
55.149833 37.4145 3285660674 3207d77963 3578 4 2235 photo
54.900999 37.568833 3521065789 323b12a0ae 3397 4 970 photo
55.285274 37.647914 3538149635 14f3cc654e 3588 4 707079ecb0 jpg
55.284443 37.647571 3562533006 57544da6a0 3003 4 e135bc88ec jpg
55.199833 37.405 3603953674 f24ca371c7 3378 4 589 photo
55.199833 37.405 3603972998 ecab738a2d 3376 4 150 photo
55.142 37.592166 3776895389 a0ab1cc9d7 3544 4 788 photo
55.063333 37.611166 3776948613 57ddb5581d 2449 3 118 photo
55.062999 37.612 3776952819 00bda2d3ae 3576 4 134 photo
55.149833 37.413833 3870574971 5aeaaf5571 2561 3 238 photo
55.15 37.413833 3871364404 9afc0058d2 2624 3 151 photo
55.1735 37.383666 3886138987 5115cb8118 2528 3 274 photo
55.166 37.444666 3886178965 70c3d05073 2676 3 837 photo
55.1735 37.383666 3886940118 1619b1743a 2657 3 260 photo
55.1735 37.383666 3886973092 d0819699cf 2527 3 1344 photo
55.166 37.444666 3886974850 3efe6cdf20 2631 3 819 photo
55.154 37.337333 4486298557 1b6fca8a98 4014 5 1850 photo
55.154333 37.342833 4486943412 578c997f21 4009 5 122 photo
55.154333 37.336166 4504828122 23598fb608 4022 5 1773 photo
54.90097 37.566872 4598330441 996b40cb43 1103 2 e943c00e0b jpg
54.90097 37.566872 4598334413 f095882bf8 4005 5 9a215694f7 jpg
55.146499 37.458166 4711071789 1dd44eda42 4036 5 346 photo
55.146833 37.461666 4711639538 5c0a92ab36 4054 5 1036 photo
55.146499 37.458 4711714794 262feeeecf 4022 5 1208 photo
55.063333 37.6115 4719670331 3d35774ee0 4067 5 1294 photo
55.063333 37.6115 4720316868 be48be9722 4066 5 818 photo
55.063333 37.6115 4727979924 d4ca832e4e 1400 2 974 photo
55.063333 37.6115 4727990914 0298a28253 1361 2 1110 photo
55.063333 37.6115 4729894101 14837da038 1198 2 218 photo
55.063333 37.6105 4729947073 a30f0aba26 1164 2 221 photo
55.063333 37.611166 4730558970 2d25048365 1105 2 834 photo
55.063166 37.610666 4730656886 16f9e2c1ef 1374 2 1744 photo
55.335302 37.522302 4743019858 2fc2529be5 4115 5 e50f9727fa jpg
55.063166 37.610666 4757342775 940050488a 4074 5 1883 photo
55.063166 37.610666 4757345085 1de1cef104 4119 5 863 photo
55.063166 37.610666 4757347977 a2514be3af 4142 5 668 photo
55.064 37.6105 4757406899 def0917ff5 4096 5 704 photo
54.838051 37.612692 5209849816 f07dabdcde 4112 5 075a7cd613 jpg
54.833219 37.609162 5209884112 080d2609b5 5004 6 4afbdc2032 jpg
54.833219 37.609162 5209890156 e38d5d14b4 4145 5 0d38394984 jpg
54.832892 37.611125 5348915808 8d4dbff8eb 5127 6 f6caf7e9e7 jpg
55.024166 37.3315 5393551260 93cc639069 5260 6 1059 photo
55.024166 37.3315 5401680521 d2927a76f6 5298 6 1552 photo
55.024166 37.3315 5413511417 34ec83c116 4139 5 2034 photo
55.024166 37.3315 5418508673 1be9a0a4c2 5171 6 2753 photo
55.024166 37.3315 5431649760 da34e79332 4075 5 2068 photo
55.024166 37.3315 5445597609 c57a9ea7bb 4122 5 741 photo
55.024166 37.3315 5445665689 8c7c888e17 4137 5 520 photo
55.024166 37.3315 5445701161 9a06f08b65 4077 5 268 photo
55.024166 37.3315 5446204788 ab9843be10 5260 6 542 photo
55.024166 37.3315 5446207554 cc4918d936 5180 6 413 photo
55.024499 37.331 5446341812 5137f6a450 5097 6 186 photo
55.024499 37.331 5446342646 76588b730f 4134 5 1129 photo
55.024499 37.331 5448213101 1fd03d28ae 5172 6 751 photo
55.024499 37.331 5448225951 5686fee1f9 5259 6 873 photo
55.024499 37.331 5451678660 a40590aebc 5057 6 1893 photo
55.024499 37.331 5453401581 1441d95fbf 5094 6 359 photo
55.024499 37.331 5453407109 48b7a3e126 5257 6 162 photo
55.024499 37.331 5453420873 bac19bde18 5134 6 294 photo
55.024499 37.331 5454022512 6caa644616 5134 6 188 photo
55.024499 37.331 5471275747 df26e52c06 5019 6 941 photo
55.024499 37.331 5471873664 9b2ef3e5e8 5220 6 2082 photo
55.024499 37.331 5474539742 ca04376d61 5295 6 1684 photo
54.833386 37.611908 5647136631 3598b163ff 5190 6 100390ea29 jpg
54.833433 37.611823 5647699234 93a16eabe8 5190 6 ec08a5b192 jpg
55.285806 37.648129 5787501716 65855683f1 5226 6 77bb624dea jpg
55.286429 37.642518 5790620191 9b118ef5c4 5184 6 672e741ae2 jpg
54.822662 37.374315 6033296174 6ea0817ba8 6187 7 199a7ced68 jpg
55.303551 37.579393 6172111741 346eb49075 6165 7 882 photo
54.832985 37.607767 6218378291 96295ce787 6239 7 9e074293d7 jpg
55.150333 37.48291 6255171414 bee9552903 6054 7 1101 photo
37.44 55.24 6282451067 0394a9f2db 6220 7 815b539064 jpg
37.44 55.24 6282451845 000b990abf 6099 7 166054c458 jpg
37.44 55.24 6282452591 64f9b50914 6040 7 888aaf193d jpg
37.44 55.24 6282965690 9f2ed1436e 6093 7 e1a02d6dea jpg
54.928078 37.443133 6289712050 f83bf6e2f3 6223 7 82a9358b05 jpg
54.928658 37.443847 6289712172 22bc65723d 6040 7 9c50010209 jpg
55.158032 37.492475 6312760029 2e5722f17a 6215 7 1246 photo
54.838771 37.611168 6608562093 988dac8cae 7174 8 4fb904a17e jpg
54.838459 37.611672 6608562647 b398f89c19 7002 8 8074c56885 jpg
54.832639 37.611705 6803168545 a2508571e8 7145 8 33c4e2dcc9 jpg
54.83418 37.608497 6803266029 c0b98f2877 7032 8 4b1264267d jpg
55.358276 37.473973 6845660827 2f3c89f353 7169 8 179 photo
54.938802 37.3611 7638582650 7e1d8b8a78 8007 9 80f6261b46 jpg
54.938802 37.3611 7638583470 6047c36743 7107 8 56c8de8fe7 jpg
54.938802 37.3611 7638585736 bb5d7e4fbb 7267 8 b355844475 jpg
54.938802 37.3611 7638586756 5a629a43b8 7130 8 1413004e47 jpg
55.113891 37.342025 8528514285 6d0245cb95 8106 9 19 photo
55.113938 37.34182 8528519309 98d5803c9c 8383 9 19 photo
55.113941 37.341825 8529628018 f1ee922f68 8510 9 21 photo
