lat lon id secret server farm org.scrt fmt
37.504942 -113.914527 2567582907 a1dc3dbfe8 3102 4 2 photo
37.504942 -113.914527 2567583021 9c7dce3b88 3188 4 3 photo
37.504942 -113.914527 2567583231 cbd4340bd7 3144 4 3 photo
37.504942 -113.914527 2567583339 80a92c0602 3162 4 2 photo
37.504942 -113.914527 2567583429 113fb6046e 3052 4 3 photo
37.504942 -113.914527 2567583769 7b726dca40 3189 4 3 photo
37.504942 -113.914527 2567583869 68725c1f1d 3091 4 2 photo
37.504942 -113.914527 2567589401 93ff613d75 3164 4 2 photo
37.504942 -113.914527 2567592053 7e041f1520 3073 4 8 photo
37.504942 -113.914527 2567594525 d23319d966 3100 4 8 photo
37.504942 -113.914527 2567596857 bf10b265c4 3114 4 9 photo
37.504942 -113.914527 2567599541 80b84072c4 3189 4 8 photo
37.504942 -113.914527 2567604521 dafa793db5 3106 4 9 photo
37.504942 -113.914527 2567612293 0ca7575ae7 3264 4 8 photo
37.504942 -113.914527 2567615015 de0e765b02 3076 4 9 photo
37.504942 -113.914527 2567617599 3a50c71915 3086 4 9 photo
37.504942 -113.914527 2567629557 7aec844d2e 3070 4 2 photo
37.504942 -113.914527 2567631777 ef3103e9aa 3129 4 2 photo
37.504942 -113.914527 2567634125 32a05f47d6 3069 4 5 photo
37.504942 -113.914527 2567638655 81d53b69c0 3175 4 3 photo
37.504942 -113.914527 2567651421 4b87012a3b 3268 4 3 photo
37.504942 -113.914527 2567656421 145ba9b065 2147 3 2 photo
37.504942 -113.914527 2567656527 31b2ec0f65 3098 4 2 photo
37.504942 -113.914527 2567659229 6b4e3a018b 3269 4 2 photo
37.504942 -113.914527 2567661325 3edeefec3a 3070 4 2 photo
37.504942 -113.914527 2567668547 ccf67c8267 3131 4 4 photo
37.504942 -113.914527 2567673513 1779d5c8e2 3026 4 4 photo
37.504942 -113.914527 2567673571 37731e909b 3005 4 2 photo
37.504942 -113.914527 2567673633 f53734f350 3008 4 3 photo
37.504942 -113.914527 2567682873 a0a6ebc838 3134 4 2 photo
37.504942 -113.914527 2568406600 6b0ba77dc6 3006 4 3 photo
37.504942 -113.914527 2568406674 d093f6ae36 3066 4 2 photo
37.504942 -113.914527 2568406788 3508ec6db3 3091 4 2 photo
37.504942 -113.914527 2568407078 8a51e2d03d 3163 4 2 photo
37.504942 -113.914527 2568409914 8d4a6e7d97 3077 4 2 photo
37.504942 -113.914527 2568425196 500e911dea 3018 4 9 photo
37.504942 -113.914527 2568443232 2a1f2e31e8 3007 4 2 photo
37.504942 -113.914527 2568445588 03d002e5ac 3008 4 4 photo
37.504942 -113.914527 2568447804 cf2406493d 3185 4 2 photo
37.504942 -113.914527 2568450234 36945ec867 3005 4 2 photo
37.504942 -113.914527 2568464338 f741d6d047 3257 4 2 photo
37.504942 -113.914527 2568467236 2abb75a667 3011 4 3 photo
37.504942 -113.914527 2568469802 f3eea0f4c6 3260 4 2 photo
37.504942 -113.914527 2568472168 5e20bd0291 3031 4 2 photo
37.504942 -113.914527 2568479944 013aebfd8f 3112 4 3 photo
37.504942 -113.914527 2568486948 1c8d2af0f2 3108 4 3 photo
37.504942 -113.914527 2568489290 8069f3a1da 3266 4 2 photo
37.504942 -113.914527 2568494152 a97ab06a83 3271 4 2 photo
37.504942 -113.914527 2568496578 01bee5978d 3143 4 2 photo
37.504942 -113.914527 2568496686 48593bd2cb 3026 4 3 photo
37.504942 -113.914527 2568497002 6ed7feec60 3078 4 2 photo
37.504942 -113.914527 2568497072 940584067c 3093 4 2 photo
37.504942 -113.914527 2568499534 11b649ce80 3079 4 4 photo
37.504942 -113.914527 2568501644 0158bfcafb 3170 4 3 photo
37.504942 -113.914527 2568503790 167ff719f6 3120 4 2 photo
37.504942 -113.914527 2568507638 415c8cf564 3078 4 3 photo
37.271645 -113.770465 354365276 e9a41e7cd3 132 1 e9a41e7cd3 jpg
37.271645 -113.770465 354365277 36ab8d1c18 126 1 36ab8d1c18 jpg
37.271645 -113.770465 354365279 698c154ce0 132 1 698c154ce0 jpg
37.271645 -113.770465 354382708 c24cad0aef 148 1 c24cad0aef jpg
37.318833 -113.7605 3823948113 84a3258b0f 2552 3 ed128ac2a3 jpg
37.318833 -113.7605 3847492996 6e5fe86f31 3522 4 fe1313008f jpg
37.318833 -113.7605 3861988498 198c69310b 2491 3 9df4f667c5 jpg
37.312252 -114.179723 4331285442 73b7748d7f 4065 5 43 photo
37.56533 -113.771254 4637858076 bc4a04d072 4026 5 34 photo
37.572769 -113.82642 5350297941 385446a928 5241 6 7a8381356b jpg
37.572461 -113.826006 5350300751 0c253abd7d 5289 6 bef81fc748 jpg
37.307449 -113.737714 5352736703 ab73e2ec35 5083 6 ecb454a574 jpg
37.565663 -113.777887 5352744947 ec6eeeb709 5129 6 8f3b0c3e24 jpg
37.283049 -113.769653 5352758511 d6ccf185b0 5047 6 2dc977b08b jpg
37.300494 -113.747792 5353348470 42d3de43e7 5165 6 d4b7e486dc jpg
37.307516 -113.737714 5353348566 bf80f7fda4 5283 6 34ce1815db jpg
37.565663 -113.777887 5353351942 d0f3900904 5047 6 ef7c964819 jpg
37.565663 -113.777887 5353354994 34f1b26223 5290 6 2b236f2fbf jpg
37.295911 -113.747953 5353794266 5a72b0e85b 5165 6 16d9b1cf63 jpg
37.295883 -113.747923 5353795374 338cb71528 5249 6 c96b9fae02 jpg
37.295836 -113.747942 5353799906 0af0fa7a88 5089 6 d9f72d58a5 jpg
37.295836 -113.747942 5353801204 6b87533b0e 5001 6 a96dd7cc45 jpg
37.295836 -113.747942 5353802552 69d8541f66 5086 6 c6431cc4b0 jpg
37.28716 -113.762494 5753167411 d08a24aa1b 5025 6 146 photo
37.28716 -113.762494 5753168025 2894c27682 5070 6 101 photo
37.28716 -113.762494 5753168345 8f0a0b2721 3018 4 80 photo
37.28716 -113.762494 5753168717 81766445d5 5067 6 90 photo
37.28716 -113.762494 5753169109 abc5a75f57 2745 3 107 photo
37.28716 -113.762494 5753169969 acd288e153 2333 3 91 photo
37.28716 -113.762494 5753170311 bd35c02620 3547 4 99 photo
37.28716 -113.762494 5753712666 ae68d2ba76 5307 6 199 photo
37.620049 -113.993445 5867342019 30dd31c811 3141 4 87 photo
37.632266 -114.052279 5867345409 3830d9f1ed 3068 4 19 photo
37.592811 -114.396858 5867879061 f9f3405780 3093 4 8f8e4f1d1c jpg
37.524064 -114.250645 6048301403 92b00caf43 6066 7 74fd74ed23 jpg
37.274825 -113.773805 6279280334 8956a05a9c 6235 7 2185f7423d jpg
37.274842 -113.773828 6279280650 951e50919e 6098 7 bb62fdef3f jpg
37.274842 -113.773818 6279280820 0e7545e2e4 6119 7 925c4e44f7 jpg
37.274858 -113.77376 6279281084 2c96074035 6042 7 b88cac56e2 jpg
37.274862 -113.77379 6279281274 08d522d74e 6215 7 b0d33b277d jpg
37.280958 -113.845045 6279281452 d5d50bbe0c 6231 7 e8f50bd083 jpg
37.281012 -113.845055 6279281596 c4f6e1ea92 6233 7 9a9bdd56d3 jpg
37.28078 -113.845325 6279283908 7e7b87e8ed 6092 7 bdc0a39ec7 jpg
37.514389 -114.081773 8754912730 81fb173f2c 7371 8 be562bd8a0 jpg
