lat lon id secret server farm org.scrt fmt
37.512993 23.517265 150557449 2d17a9818f 45 1 2d17a9818f jpg
37.504936 23.454561 2873834135 f8a386747c 3163 4 d8bb0360da jpg
37.506433 23.452522 2873835131 dfb2aab35c 3040 4 1313690b23 jpg
37.352491 23.46638 2873836655 6eff411cd8 3013 4 0bff976c5a jpg
37.505438 23.453413 2875558701 4d1a88e38d 3227 4 cd8f12a143 jpg
37.504755 23.454694 2875857973 1625669924 3021 4 28e33a3aa6 jpg
37.504755 23.454694 2875860129 dce1fb0e1a 3177 4 ec0d76d79f jpg
37.504627 23.454661 2876384252 b365be1297 3241 4 136229bdff jpg
37.504627 23.454727 2876388604 649835a886 3056 4 e983354a4b jpg
37.352491 23.46638 2876595675 f0e5a0e840 3011 4 37aabd286b jpg
37.352177 23.466736 2876692444 70ff220247 3221 4 49857546aa jpg
37.352491 23.46638 2877430368 75cb370931 3003 4 006ece1b78 jpg
37.35225 23.466686 2877438007 29d4365815 3023 4 e08e06d267 jpg
37.352377 23.466633 2877440549 793812ac08 3072 4 c29216a7c3 jpg
37.352341 23.466191 2877535709 d96a6c6f10 3081 4 85f45d00f6 jpg
37.352547 23.46638 2877667079 0baf851611 3027 4 82a317cc91 jpg
37.35225 23.466686 2878271364 e4f4c7b800 3119 4 7bd7623c28 jpg
37.352341 23.466191 2878370982 356af8b425 3061 4 6632680444 jpg
37.352586 23.466269 2880153374 65fa27de38 3053 4 2c7e8d811c jpg
37.352625 23.466227 2880447503 4676dee6de 3017 4 9e3287759d jpg
37.350206 23.465842 3580565527 095cd6bc4e 3317 4 bb99bc07d8 jpg
37.350206 23.465842 3580565643 e118694dc4 3334 4 80b39d9320 jpg
37.350206 23.465842 3580565791 aee5dbd9fe 2436 3 e2e67e3d13 jpg
37.350206 23.465842 3581375312 039d6e86f4 3321 4 6ec9c33007 jpg
37.350206 23.465842 3581375474 907eebe0b9 3342 4 e5ed5ce482 jpg
37.350206 23.465842 3581375854 193cfa79f0 3327 4 3f0fd51538 jpg
37.350424 23.46612 3581376196 e8ba36bb8f 3600 4 2f1fa79617 jpg
37.415913 23.339853 5522919958 93df9e59f2 5299 6 8d7d774a2a jpg
37.414754 23.335475 5641300921 6f151f57a8 5029 6 f29f81385c jpg
37.351004 23.466749 6104344868 207155d831 6067 7 89 photo
37.349093 23.465927 6667720301 9c97cc3261 7028 8 4 photo
37.349093 23.465927 6667721183 0da5fc309e 7147 8 1 photo
37.349093 23.465927 6667722253 79f4c2bf5e 7158 8 0 photo
37.349093 23.465927 6667723299 8b18239d01 7144 8 0 photo
37.349093 23.465927 6667724481 1a98333a3b 7142 8 1 photo
37.349093 23.465927 6667725373 9a51d87ffa 7016 8 0 photo
37.349093 23.465927 6667726571 d303b00af8 7174 8 2 photo
37.349093 23.465927 6667727501 0fa72208b6 7035 8 3 photo
37.349093 23.465927 6667729585 abf1be9279 7172 8 5 photo
37.349093 23.465927 6667730833 2295c7fb00 7163 8 8 photo
37.349093 23.465927 6667731895 541069c84d 7168 8 3 photo
37.349093 23.465927 6667732759 e771936e61 7165 8 1 photo
37.349093 23.465927 6667734367 5889431153 7143 8 2 photo
37.349093 23.465927 6667735217 7d6a6fc8d8 7010 8 2 photo
37.350573 23.466786 6667736145 70192e46df 7007 8 2 photo
37.35192 23.466839 6667737167 39c4e3f79c 7175 8 3 photo
37.351149 23.466614 6667738185 32e704ff9f 7014 8 5 photo
37.35192 23.466839 6667739205 74cf5b2392 7165 8 2 photo
37.35192 23.466839 6667740137 6c509c0927 7010 8 1 photo
37.35192 23.466839 6667741509 4df8c7135e 7172 8 1 photo
37.35192 23.466839 6667742377 34661ef79b 7171 8 2 photo
37.350573 23.466786 6667743361 f105ee890e 7032 8 4 photo
37.350573 23.466786 6667744503 63b12a64ff 7170 8 0 photo
37.350573 23.466786 6667745457 80c26b7610 7020 8 2 photo
37.35192 23.466839 6667746319 8bc4877c5a 7147 8 1 photo
37.35192 23.466839 6667747371 25a2505a08 7008 8 16 photo
37.35192 23.466839 6667748857 49502123e8 7167 8 1 photo
37.350573 23.466786 6667751789 916d807ab2 7032 8 1 photo
37.349648 23.464983 7329743174 2a61d896ed 7072 8 856cf4ac7f jpg
37.504791 23.457 8114427688 4477c107a1 8329 9 54 photo
37.435995 23.534839 8876016157 5bfa7b50a5 3692 4 2 photo
37.343745 23.335829 8876026015 064c424f3a 7346 8 2 photo
37.503044 23.454169 8876027119 e6e4870aa2 5468 6 1 photo
37.503044 23.454169 8876028061 97ffebc0b0 7397 8 2 photo
37.435995 23.534839 8876045993 17cdc93cf7 5469 6 2 photo
37.503044 23.454169 8876051527 83e2e7cf18 7434 8 2 photo
37.503044 23.454169 8876052365 c41f5f451e 3710 4 3 photo
37.503044 23.454169 8876053299 637f7aa144 3714 4 1 photo
37.503044 23.454169 8876054075 7ea05c67ae 2852 3 1 photo
37.503044 23.454169 8876057275 f36ebfde61 5457 6 0 photo
37.435995 23.534839 8876060739 751911e5dc 3796 4 1 photo
37.435995 23.534839 8876062485 1f1cd32500 2884 3 1 photo
37.343745 23.335829 8876064243 8d96839590 5442 6 1 photo
37.343745 23.335829 8876066575 d889b4f014 3715 4 3 photo
37.386807 23.247145 8876634164 7caa73e775 2885 3 8 photo
37.503044 23.454169 8876645222 b9c0b5469e 7383 8 5 photo
37.503044 23.454169 8876646004 77b2ddd9e6 3788 4 2 photo
37.503044 23.454169 8876646844 47e8109493 7405 8 3 photo
37.386807 23.247145 8876664384 26745820c6 3776 4 9 photo
37.386807 23.247145 8876665496 11e1507a32 7306 8 6 photo
37.343745 23.335829 8876666420 079973e0d6 8544 9 3 photo
37.503044 23.454169 8876670436 e8cbd769e0 7339 8 5 photo
37.503044 23.454169 8876671444 07cc60cdb9 2854 3 16 photo
37.503044 23.454169 8876672222 370a28008d 7354 8 1 photo
37.435995 23.534839 8876673918 e511747340 5341 6 2 photo
37.435995 23.534839 8876674810 7998f50d87 3684 4 1 photo
37.435995 23.534839 8876677092 ed47dda82e 2886 3 0 photo
37.343745 23.335829 8876681086 eb4514fd6a 7306 8 0 photo
37.503044 23.454169 8881083857 b85f8c9060 3709 4 1 photo
37.435995 23.534839 8881085983 372b03c108 2829 3 1 photo
37.435995 23.534839 8881088905 3f04989634 2818 3 1 photo
37.435995 23.534839 8881093599 1a918069c7 5325 6 11 photo
37.435995 23.534839 8881712334 9ac9ff0385 2852 3 1 photo
37.435995 23.534839 8881713880 6d36de7614 5442 6 0 photo
37.343745 23.335829 8881717838 06a01c06e3 7376 8 1 photo
37.343745 23.335829 8881719392 fc86bebe41 7332 8 1 photo
37.343745 23.335829 8881720864 6132bfb53b 2806 3 5 photo
37.695757 23.698368 8889633150 33ffb12df8 3762 4 116 photo
37.695757 23.698368 9065240869 f502983a7d 2838 3 129 photo
37.350748 23.466807 9354588584 984ea76fa0 7328 8 c8ccf472db jpg
