lat lon id secret server farm org.scrt fmt
37.353989 27.275791 1803313601 cc700b524a 2080 3 f1fe14201a jpg
37.664076 27.308983 241562073 fe17a898f1 84 1 fe17a898f1 jpg
37.664076 27.308983 241562196 487e43379a 82 1 487e43379a jpg
37.664076 27.308983 241562250 e9a591147c 79 1 e9a591147c jpg
37.664076 27.308983 241562304 fefd6f6a0b 44 1 fefd6f6a0b jpg
37.664076 27.308983 241562492 a107f6fb22 97 1 a107f6fb22 jpg
37.419121 27.819769 5414283927 115aa3d00e 5257 6 80 photo
37.419827 27.819743 5414291269 48e3c02336 5136 6 64 photo
37.418442 27.820727 5414294615 dc4960e993 5134 6 64 photo
37.419185 27.819373 5414297365 ea2ba13260 4098 5 82 photo
37.360333 27.691333 5414305371 5c4711bb68 5260 6 57 photo
37.360333 27.691265 5414311179 cd4d11bd2e 5256 6 46 photo
37.418761 27.82036 5414891668 14df1c35b3 5300 6 64 photo
37.419119 27.819072 5414894100 3818f459e6 5257 6 102 photo
37.419183 27.819378 5414898816 a0986432ef 4148 5 66 photo
37.419818 27.819866 5414901492 71aa632988 5171 6 72 photo
37.360333 27.691265 5414912946 d4664d670f 5214 6 63 photo
37.360333 27.691265 5414915590 56ed621633 5300 6 44 photo
37.360333 27.691265 5414920318 420e382d1d 5020 6 58 photo
37.360333 27.691265 5414922458 81f65ba67f 4141 5 63 photo
37.357263 27.698035 5416436765 8541959747 5017 6 13 photo
37.409641 27.809228 5416455613 2ecd070fcf 5179 6 7 photo
37.384923 27.256608 5416600009 c3fb191a51 5259 6 47 photo
37.384923 27.256608 5416612545 41691d84c2 5214 6 16 photo
37.384923 27.256608 5416615765 68495de6ac 5174 6 11 photo
37.384923 27.256608 5416635583 bb3a892bd9 5097 6 31 photo
37.530548 27.275281 5416659961 3e4915b514 5179 6 9 photo
37.530578 27.275329 5416663211 e07ccd89c2 5058 6 28 photo
37.384923 27.256608 5417214322 9760d7137a 5219 6 22 photo
37.384923 27.256608 5417217964 eba26fb6a6 5138 6 28 photo
37.384923 27.256608 5417220748 e9b767478f 5216 6 23 photo
37.384923 27.256608 5417230410 2452d85bf5 5176 6 8 photo
37.384923 27.256608 5417233868 e9d3608abe 5295 6 9 photo
37.384923 27.256608 5417234892 f792771039 5174 6 6 photo
37.384923 27.256608 5417244352 6c87dace19 5260 6 30 photo
37.384923 27.256608 5417250080 cbd138d921 5015 6 58 photo
37.384923 27.256608 5417252768 1d8de343ef 5216 6 21 photo
37.384923 27.256608 5417255262 df284e990c 5095 6 37 photo
37.526253 27.277676 5417258816 aab5d7b243 5091 6 10 photo
37.53099 27.275705 5417262398 4fbcc57e53 5053 6 16 photo
37.530735 27.275689 5417265690 1e19326e06 5137 6 27 photo
37.530416 27.275399 5417268838 399bd04819 5254 6 13 photo
37.530565 27.276064 5417279832 2ea7933c5f 5013 6 32 photo
37.530565 27.276064 5417283344 e140934252 5298 6 31 photo
37.529425 27.280002 5417286326 85fa2784af 5012 6 19 photo
37.556689 27.825461 8308651357 21c406fbcd 8072 9 35 photo
37.559615 27.826899 8308655793 b95d384e6c 8356 9 19 photo
37.559496 27.827049 8308656819 7cfa0fcff0 8218 9 31 photo
37.5605 27.828615 8308657539 24f742ce36 8217 9 25 photo
37.560244 27.82853 8308658029 896925852a 8218 9 32 photo
37.385196 27.257165 8308687137 c99ff82139 8212 9 88 photo
37.384991 27.256715 8308688681 a9362db4b4 8079 9 63 photo
37.384804 27.256436 8308689471 b9d7151ac5 8361 9 54 photo
37.385025 27.256822 8308692633 ff080c66b1 8504 9 64 photo
37.385128 27.256908 8308693011 f8c53e214c 8082 9 57 photo
37.385213 27.2565 8308693749 ab54fd6985 8361 9 64 photo
37.385094 27.256951 8308697891 e4274385bb 8077 9 47 photo
37.385094 27.256994 8308698493 19b4bf096b 8221 9 65 photo
37.385196 27.257015 8308700975 b298c93155 8351 9 59 photo
37.385315 27.257273 8308701975 853a98e68c 8498 9 65 photo
37.559666 27.826877 8309708606 e8185b9588 8075 9 26 photo
37.56033 27.828615 8309710892 200f4c28ec 8214 9 27 photo
37.385418 27.257144 8309735808 8382a1f1f0 8081 9 62 photo
37.384821 27.256414 8309737886 675aa2b4e9 8356 9 70 photo
37.385145 27.257101 8309739468 f03e54500a 8355 9 63 photo
37.384736 27.256264 8309741716 6e54ccdb8d 8354 9 53 photo
37.38506 27.256801 8309742472 68a82a57f6 8078 9 52 photo
37.384838 27.25635 8309743334 ac0444bcbd 8498 9 64 photo
37.384991 27.256844 8309745860 1de8f14e0e 8502 9 59 photo
37.385145 27.256994 8309746496 f81515f9f8 8224 9 61 photo
37.384702 27.2565 8309747102 4bba3db250 8496 9 63 photo
37.384974 27.257144 8309747864 c2eb3991b7 8076 9 64 photo
37.385145 27.256929 8309748656 a7cc5dde27 8076 9 58 photo
37.385111 27.256951 8309750746 cf823a89bb 8360 9 59 photo
37.385111 27.257208 8309751464 a27ff13644 8363 9 33 photo
37.385384 27.257122 8309754232 c222eb14e5 8073 9 50 photo
37.385349 27.257208 8309755210 097ab4e707 8363 9 47 photo
37.385213 27.257187 8309755944 c75419084e 8497 9 45 photo
37.385401 27.257187 8309756824 aa80ee9ed6 8364 9 50 photo
37.385418 27.256886 8309758374 b483264796 8495 9 53 photo
37.385017 27.256432 8430307609 573b9c512c 8213 9 6e36f627c9 jpg
37.385139 27.256748 8430310471 9d437c05fc 8512 9 c31640b651 jpg
37.385139 27.256748 8430310925 d889d0a88e 8055 9 4d693480ac jpg
37.385017 27.256432 8431392320 e3f68b19ba 8497 9 f5c1ced8d6 jpg
37.385017 27.256432 8431392766 b493f6feba 8368 9 d878204ca7 jpg
37.385017 27.256432 8431393210 4fc5357a7f 8219 9 c3aee1d14a jpg
37.385017 27.256432 8431393590 e3293eab55 8212 9 3fdafe7324 jpg
37.385017 27.256432 8431394028 8413c24cdd 8373 9 3ea13cc2ae jpg
37.50193 27.524969 8434451987 da8210b6a0 8464 9 d762dd3a50 jpg
37.50193 27.524969 8435535140 4533301dde 8329 9 e34cff47be jpg
37.50193 27.524969 8435535496 c6d3273342 8371 9 b87b4ec6c2 jpg
37.50193 27.524969 8435535826 67073e20a9 8217 9 5654b487f1 jpg
37.50193 27.524969 8435536482 edd5dc7ffc 8513 9 a66a19738f jpg
37.530772 27.273547 8436828951 1b22703e84 8508 9 c89d138521 jpg
37.659286 27.2964 8437148097 5c1b9638fe 8052 9 f3ca192820 jpg
37.659286 27.2964 8437149175 d102417ff6 8498 9 95d034d61d jpg
37.659286 27.2964 8437149625 bf65fd3011 8230 9 eacae4236f jpg
37.529852 27.274886 8437913062 55e91aa8d2 8187 9 91650bf4b9 jpg
37.65918 27.29686 8438231640 bf1c5e0d86 8326 9 aa36784ec6 jpg
37.659286 27.2964 8438233134 9bcb372e6e 8373 9 0bd0d91c2e jpg
