lat lon id secret server farm org.scrt fmt
37.54214 129.98555 1593411191 1cbea871bc 2412 3 152 photo
37.54379 129.98424 1593411301 8a62feef2f 2119 3 182 photo
37.54418 129.98439 1593411371 f762de5542 2148 3 100 photo
37.54454 129.98487 1593411451 0c9ce6d12a 2399 3 121 photo
37.54565 129.98534 1593464249 d10ab9f6af 2098 3 170 photo
37.54588 129.98553 1593464307 556ec3fbd6 2392 3 75 photo
37.54588 129.98553 1593464365 aa1d102dbb 2381 3 83 photo
37.54588 129.98553 1593464379 a10c49d768 2342 3 70 photo
37.54646 129.98542 1593464403 59d1e8db68 2151 3 58 photo
37.54646 129.98542 1593503163 34786a0193 2070 3 56 photo
37.54646 129.98542 1593503167 418cb42d1c 2011 3 56 photo
37.54645 129.98578 1593503179 69666e1730 2340 3 92 photo
