lat lon id secret server farm org.scrt fmt
37.700273 -6.600573 2296150454 1c7cb27c47 3123 4 b0487a4f08 jpg
37.643931 -6.853453 2771588102 a4cc00b251 3087 4 b365c8e8ba jpg
37.35647 -6.389418 3376725752 db9bfc322b 3564 4 14 photo
37.387523 -6.553398 3377345676 7e3c469b7a 3619 4 13 photo
37.389919 -6.556338 3379337548 23b9cf89a9 3551 4 3 photo
37.390575 -6.554996 3379645688 805067c9a9 3147 4 2 photo
37.383197 -6.550158 3380703434 5db85515c0 3638 4 2 photo
37.389928 -6.556478 3381158395 df1127d9a8 3439 4 2 photo
37.389928 -6.556478 3381158451 2643053ee8 3475 4 2 photo
37.389928 -6.556478 3381158487 9a83aeb1fa 3425 4 3 photo
37.389928 -6.556478 3381158657 3ae28afa27 3439 4 3 photo
37.389928 -6.556478 3381158779 9665b5076c 3468 4 3 photo
37.389928 -6.556478 3381158825 9cd80df4b0 3468 4 3 photo
37.389928 -6.556478 3381159277 7662f9759e 3593 4 3 photo
37.389928 -6.556478 3381159333 2d2498450f 3431 4 3 photo
37.386006 -6.559803 3381686999 670f167059 3566 4 2 photo
37.389928 -6.556478 3381977128 b86640b577 3574 4 3 photo
37.389928 -6.556478 3381977356 c7730e6454 3637 4 3 photo
37.389928 -6.556478 3381977664 0f3686a4b6 3601 4 4 photo
37.389928 -6.556478 3381977706 850c397392 3440 4 4 photo
37.389919 -6.556338 3381977920 34bbb1a5c1 3586 4 4 photo
37.389928 -6.556478 3381977976 849be48fff 3593 4 4 photo
37.389928 -6.556478 3381978112 d333d103a7 3469 4 5 photo
37.361873 -6.679118 3381994821 fc3981d4d7 3569 4 7 photo
37.361907 -6.677724 3381995105 bc2b0eb803 3475 4 3 photo
37.365633 -6.68194 3381996043 889b7a8814 3422 4 2 photo
37.362427 -6.67855 3381997027 a8535d76bd 3579 4 6 photo
37.362205 -6.678099 3381997493 4a79f23278 3432 4 10 photo
37.362427 -6.67855 3381998127 bea4b94e57 3580 4 4 photo
37.362124 -6.677777 3381999039 2536ca453f 3579 4 3 photo
37.362124 -6.677777 3381999131 37cee90a8d 3443 4 3 photo
37.389928 -6.556478 3382220427 01d279f1f4 3469 4 8 photo
37.389928 -6.556478 3382220517 0d0f4158d7 3438 4 8 photo
37.389928 -6.556478 3382220745 e1aa293f72 3474 4 5 photo
37.389928 -6.556478 3382220797 b950bd3698 3443 4 5 photo
37.389928 -6.556478 3382220863 2492bd16ba 3593 4 5 photo
37.389928 -6.556478 3382221021 16fd16fbd1 3453 4 7 photo
37.389928 -6.556478 3382221137 d113ec8307 3547 4 7 photo
37.389928 -6.556478 3382221267 b0acf8052f 3449 4 7 photo
37.389928 -6.556478 3382221919 de1404aaef 3454 4 5 photo
37.389928 -6.556478 3382222087 768386ae05 3598 4 5 photo
37.361873 -6.679118 3382812388 fd37323a75 3423 4 6 photo
37.361907 -6.677724 3382812456 95ef4bec44 3585 4 4 photo
37.365633 -6.68194 3382813172 2020dcc724 3638 4 1 photo
37.365633 -6.68194 3382813262 703cd329c3 3465 4 1 photo
37.362427 -6.67855 3382815118 dc2909fdef 3617 4 3 photo
37.362427 -6.67855 3382815256 e38561bf04 3588 4 3 photo
37.362124 -6.677777 3382816664 03bc7664d7 3614 4 0 photo
37.389928 -6.556478 3383036944 fe1be76942 3617 4 9 photo
37.389928 -6.556478 3383037436 12fac9cb11 3476 4 6 photo
37.389928 -6.556478 3383037702 c4ede205bf 3419 4 5 photo
37.389928 -6.556478 3383037778 b782c6fc92 3572 4 9 photo
37.389928 -6.556478 3383037886 ab052951d0 3632 4 9 photo
37.389928 -6.556478 3383037982 a287fbf8c9 3612 4 9 photo
37.389928 -6.556478 3383038058 2cfacf80ef 3573 4 6 photo
37.389928 -6.556478 3383038252 0a75f2b50e 3637 4 8 photo
37.364316 -6.681661 3388955691 aa6d048b24 3632 4 0 photo
37.364785 -6.683034 3388956683 be4bc7a536 3624 4 0 photo
37.364785 -6.683034 3388956859 abf3b4fc09 3417 4 0 photo
37.364785 -6.683034 3388957131 df27941c03 3664 4 0 photo
37.364785 -6.683034 3388957365 3e0fb4d09b 3600 4 0 photo
37.364785 -6.683034 3388957595 1f6fb84c13 3425 4 0 photo
37.361869 -6.678094 3388958027 099ef872dd 3451 4 5 photo
37.364316 -6.681661 3389766358 f5c7efd42a 3549 4 0 photo
37.366525 -6.68238 3389766616 e26f566929 3564 4 1 photo
37.364785 -6.683034 3389766836 5984f71a47 3625 4 0 photo
37.361869 -6.678094 3389768222 6fedc04e88 3652 4 0 photo
37.389928 -6.556478 3397944103 c47ba5acd3 3573 4 10 photo
37.389928 -6.556478 3397944193 7ab4c0332f 3626 4 11 photo
37.359387 -6.682734 3567297863 b6f1de3bb2 2449 3 0 photo
37.35885 -6.68157 3567302283 1c6aac6905 3563 4 2 photo
37.444812 -6.572936 3567396333 14a8e902d5 3303 4 1 photo
37.443893 -6.572464 3567396821 cf70181b76 2474 3 0 photo
37.440532 -6.57455 3567397551 3711d734a1 2428 3 0 photo
37.439957 -6.574266 3567398237 058f9d256a 2484 3 0 photo
37.439135 -6.57411 3567399135 606ff0deb9 3386 4 1 photo
37.438356 -6.574212 3567399873 56e40960d1 3190 4 1 photo
37.436852 -6.57499 3567400861 0daa28bf5c 3356 4 0 photo
37.435527 -6.575221 3568205894 c22bf60b65 3624 4 6 photo
37.368946 -6.554407 3568206724 5917f3c6fe 3360 4 0 photo
37.436371 -6.575167 3568213152 02d7dd3fe6 3613 4 6 photo
37.370557 -6.328157 38537053 3ce754a073 32 1 3ce754a073 jpg
37.370557 -6.328157 38537054 b66a055e89 30 1 b66a055e89 jpg
37.370557 -6.328157 38537055 63046a798a 25 1 63046a798a jpg
37.36244 -6.679644 4196584097 6279226bd2 2739 3 7f0e1e5ba8 jpg
37.36244 -6.679644 4196584749 58e611a912 2594 3 ac2068ed07 jpg
37.387864 -6.552765 4227920163 f1681fe2fb 4021 5 cf659a9f0d jpg
37.364934 -6.674135 4382749285 06a2a64019 4020 5 1 photo
37.364849 -6.673958 4382749593 fe6a891402 4012 5 2 photo
37.364333 -6.675353 4382750919 943fd44a91 2692 3 1 photo
37.36259 -6.678679 4382751523 278ef162ff 4023 5 5 photo
37.363758 -6.675069 4382751911 5cd5d23cac 2687 3 7 photo
37.365054 -6.674564 4383507480 74d3c9bcda 2774 3 1 photo
37.36496 -6.674345 4383507906 5b89b0bb5c 4067 5 1 photo
37.364785 -6.673706 4383508804 39b2e82b77 2752 3 3 photo
37.36464 -6.673164 4383509048 6c290b9d0e 4027 5 1 photo
37.364845 -6.674811 4383509596 4e756baef6 4069 5 6 photo
37.302541 -6.29714 47101140 1c8a6217bc 33 1 1c8a6217bc jpg
37.275828 -6.839643 56086394 9abc177129 31 1 299 photo
37.681789 -6.26105 8246724790 9807d29467 8342 9 9a84b6c4a4 jpg
