lat lon id secret server farm org.scrt fmt
37.597597 -0.982536 1519896112 214c9c5867 2279 3 1 photo
37.619721 -1.006182 1521795211 05b79baeb7 2351 3 5 photo
37.619721 -1.006182 1522655476 8efec30c02 2123 3 5 photo
37.619721 -1.006182 1522656120 39b6c2b17c 2280 3 3 photo
37.619721 -1.006182 1524802775 bdf7d3aca7 2064 3 4 photo
37.619721 -1.006182 1524803509 b461aaa8c9 2005 3 7 photo
37.619721 -1.006182 1525666550 cb8b45001e 2264 3 2 photo
37.619721 -1.006182 1525667162 fa88fe04ab 2342 3 5 photo
37.619721 -1.006182 1525668214 603ca6bca5 2292 3 9 photo
37.597376 -0.98378 1536438943 fdfdc13a43 2352 3 7 photo
37.599136 -0.985636 1536443199 dd60417d1c 2115 3 7 photo
37.599136 -0.985636 1536444355 0a999d768a 2039 3 8 photo
37.599136 -0.985636 1536445951 c4350cc0e8 2098 3 8 photo
37.599136 -0.985636 1536450489 3d33efb547 2047 3 8 photo
37.599136 -0.985636 1536459743 0dd7b50060 2012 3 8 photo
37.599136 -0.985636 1536461385 3a18150823 2170 3 6 photo
37.599136 -0.985636 1536462719 2fa5096e31 2379 3 6 photo
37.599136 -0.985636 1536465389 baec1f03f5 2180 3 8 photo
37.599136 -0.985636 1536470443 1f7a14691f 2170 3 9 photo
37.60812 -0.979682 1536473045 31dd0216fd 2248 3 12 photo
37.60812 -0.979682 1536474251 49072b114f 2317 3 12 photo
37.60812 -0.979682 1536475673 92d05b628a 2002 3 10 photo
37.60812 -0.979682 1536476999 7add2390eb 2350 3 10 photo
37.611397 -0.998919 1536481535 1c97c51111 2412 3 14 photo
37.610343 -0.998092 1537294508 40851f9d1c 2160 3 8 photo
37.610343 -0.998092 1537298550 236cbec9d4 2172 3 7 photo
37.597376 -0.98378 1537300198 10504b936e 2210 3 10 photo
37.597376 -0.98378 1537301474 a28817cc78 2157 3 8 photo
37.599136 -0.985636 1537304338 d1b08cb514 2380 3 7 photo
37.599136 -0.985636 1537305722 9ae6281518 2280 3 8 photo
37.599136 -0.985636 1537312474 070dc131e3 2051 3 12 photo
37.599136 -0.985636 1537317268 c3414be18c 2207 3 8 photo
37.599136 -0.985636 1537318808 71741a063d 2132 3 12 photo
37.599136 -0.985636 1537322042 fa35fbc782 2137 3 7 photo
37.599136 -0.985636 1537330192 81c4a7dc81 2214 3 8 photo
37.611397 -0.998919 1537341440 58240ea0a8 2416 3 7 photo
37.611397 -0.998919 1537342928 16123b589c 2145 3 8 photo
37.611397 -0.998919 1537343966 488fcd2a39 2240 3 10 photo
37.599242 -0.984531 2083820099 2739b2900e 2117 3 1281debfa9 jpg
37.599242 -0.984531 2083820893 b1d7afa7a7 2175 3 db65ebef0b jpg
37.599629 -0.982965 2084603552 9d0417e5de 2409 3 0911f948db jpg
37.599242 -0.984531 2084604272 f7f0cdef5b 2340 3 b50e47c8f4 jpg
37.611375 -0.998865 2407719275 7dc91352bd 3244 4 1 photo
37.597597 -0.982536 2407739613 47f9b6d862 2288 3 4 photo
37.599756 -0.986012 2407740233 a45d4ff4b3 3069 4 4 photo
37.599756 -0.986012 2407740471 c08521cc57 2107 3 4 photo
37.611375 -0.998865 2408552372 669b2e0b95 3214 4 1 photo
37.611375 -0.998865 2408552940 8bbd1e3a7b 3214 4 1 photo
37.597597 -0.982536 2408573264 d1dd32c943 2074 3 5 photo
37.602247 -0.987664 2409157427 2124d6f535 2118 3 3 photo
37.602247 -0.987664 2409157513 bde875bc64 2309 3 4 photo
37.619721 -1.005624 2409341611 d6820d3f39 2359 3 7 photo
37.611375 -0.998865 2409341979 de460ed24a 3112 4 4 photo
37.60203 -0.987396 2409983048 3b53234e18 3139 4 4 photo
37.60203 -0.987396 2409983152 24ec789e5f 2408 3 6 photo
37.602247 -0.987664 2409990948 0d8d43b895 3037 4 3 photo
37.611375 -0.998865 2410175870 9507d4b85d 3206 4 4 photo
37.690111 -0.961625 3107437217 8ed8061f2d 3022 4 f82263c97e jpg
37.705524 -0.742452 3174670636 d4a502067d 1130 2 bb74ac9af2 jpg
37.705524 -0.742452 3174672606 e2113d4281 3257 4 9d65e50a9d jpg
37.705218 -0.742246 3174674710 ff2d39df2a 3134 4 ec98f654b1 jpg
37.599663 -0.984424 3271691287 44166a8554 3497 4 57573b93a0 jpg
37.648715 -0.867887 3293103255 f0c46c4006 3483 4 68ec342b3d jpg
37.648715 -0.867887 3293105013 4af9f55622 3644 4 0a2c6193d0 jpg
37.648715 -0.867887 3293107669 88416b75a0 3412 4 3d77b04345 jpg
37.648715 -0.867887 3293110831 41100c76bd 3461 4 e2b2421251 jpg
37.648715 -0.867887 3293925492 c42b87b224 3430 4 92e1bc80c1 jpg
37.648715 -0.867887 3293929990 c091a0b51a 3639 4 ff8ea53d03 jpg
37.648715 -0.867887 3293933068 277dc84ef2 3421 4 7d1db75d76 jpg
37.648715 -0.867887 3293935846 ff6d984a6f 3519 4 c88d5c67a2 jpg
37.689186 -0.962516 3845306622 e0598524a8 3419 4 1c23bb3078 jpg
37.600755 -0.985507 3874910895 49a4ae8e45 2659 3 57 photo
37.63282 -0.690475 415004640 848de88847 151 1 118 photo
37.604219 -0.981184 5257755831 c7b3c2cd37 5242 6 ea6df383f3 jpg
37.602022 -0.984016 5266274949 13fc1bbf89 5126 6 41b1d4b520 jpg
37.601057 -0.986269 5277113573 0497f04d06 5002 6 81 photo
37.601057 -0.986269 5277167847 5bccf8f330 5089 6 78 photo
37.601082 -0.985625 5277361581 daf3360a2d 5123 6 132 photo
37.601082 -0.985625 5277412909 259e8a6ee9 5130 6 105 photo
37.601057 -0.986269 5277842234 110c1b0bdf 5089 6 91 photo
37.601082 -0.985625 5277869165 9a946213b5 5244 6 248 photo
37.601082 -0.985625 5277968394 0dccb48ab2 5006 6 137 photo
37.601082 -0.985625 5278125850 6d8903fd06 5247 6 130 photo
37.601082 -0.985625 5278352014 6ede6cd78e 5248 6 140 photo
37.601082 -0.985625 5278557136 b229f68068 5127 6 136 photo
37.601057 -0.986269 5278730606 67c8af33e5 5044 6 148 photo
37.599586 -0.984102 5355548225 0a86a5f0b1 5249 6 83 photo
37.599586 -0.984102 5355579031 34e9feac87 5164 6 73 photo
37.599586 -0.984102 5355658815 cf73e2cd82 5205 6 86 photo
37.599586 -0.984102 5355673021 ae99c03e90 5284 6 72 photo
37.599586 -0.984102 5355717799 b8e650f85a 5204 6 76 photo
37.599586 -0.984102 5355728767 06c7ffbd9d 5242 6 76 photo
37.599586 -0.984102 5356220900 2605c94a46 5169 6 129 photo
37.599586 -0.984102 5356237476 9d190f08cb 5244 6 70 photo
37.599586 -0.984102 5356254154 30c25ac12e 5005 6 121 photo
37.599586 -0.984102 5364814333 3f0677d4ea 5005 6 83 photo
37.601082 -0.985625 5581151331 7723623922 5296 6 203 photo
37.599697 -0.984928 6911957159 b351eb4e41 7194 8 bdd8c38b8a jpg
37.599697 -0.984928 6915010417 d200ff990a 7206 8 a15047a95d jpg
37.599697 -0.984928 6915010983 a5d05b7c65 7208 8 01f619707e jpg
