lat lon id secret server farm org.scrt fmt
37.434189 -105.148386 22743253 d00109ec1f 18 1 73 photo
37.434189 -105.148386 23174436 4ae3282cd3 18 1 15 photo
37.434189 -105.148386 23174437 08e83354b3 17 1 39 photo
37.434189 -105.148386 23174438 97a1e8b471 19 1 21 photo
37.434189 -105.148386 23684627 3dadec1883 18 1 24 photo
37.434189 -105.148386 23957338 3fc9bd02e9 18 1 14 photo
37.434189 -105.148386 23957393 43bae39687 18 1 19 photo
37.434189 -105.148386 23957403 262d8b7f1c 18 1 13 photo
37.434189 -105.148386 23957410 0ee21cb777 18 1 15 photo
37.434189 -105.148386 23957421 1549fe2462 18 1 14 photo
37.434189 -105.148386 23957425 cb637e6800 18 1 21 photo
37.434189 -105.148386 23957431 35a8823ae1 18 1 29 photo
37.438858 -105.803092 2462349515 74b206fce2 3029 4 c8ca89bc61 jpg
37.438858 -105.803092 2462350533 7d8d8ebc48 3066 4 2edc2ee5b6 jpg
37.438858 -105.803092 2462354073 ba656bec0f 3086 4 560210187d jpg
37.438858 -105.803092 2462355023 c01faee732 2244 3 0edab53bfa jpg
37.438858 -105.803092 2462355769 5681f0574c 3162 4 a8d16550ca jpg
37.438858 -105.803092 2462356529 3555f20cce 3163 4 b64540cdff jpg
37.438858 -105.803092 2462357005 0329259c58 2105 3 17e787ec2d jpg
37.438858 -105.803092 2462357949 3a509a1920 3257 4 152187dbeb jpg
37.438858 -105.803092 2462358677 864218b0c5 2215 3 f651c0dc70 jpg
37.438858 -105.803092 2462359523 fb932e0fed 3065 4 44080bc43a jpg
37.438858 -105.803092 2462361005 1bc948bd13 2209 3 e99a51498d jpg
37.438858 -105.803092 2462362625 b147e5dfe2 3114 4 7b769b4df2 jpg
37.438858 -105.803092 2462364317 1da78d35b5 2212 3 80c02c810b jpg
37.438858 -105.803092 2462367335 3dcaee034f 2128 3 31e8637587 jpg
37.438858 -105.803092 2462373761 cb61a0a3ae 2256 3 b0e1737b0e jpg
37.438858 -105.803092 2463185650 7843234687 2150 3 d24bb32b67 jpg
37.438858 -105.803092 2463186380 11aa57b89b 2091 3 8980b266a2 jpg
37.438858 -105.803092 2463186996 bf4c1817b0 2324 3 b7c7e0ea51 jpg
37.438858 -105.803092 2463188030 8f84aedaee 2072 3 8ee3a37b24 jpg
37.438858 -105.803092 2463192120 2979733911 2010 3 5efb67949e jpg
37.438858 -105.803092 2463193838 70aa3d2505 2371 3 0304035436 jpg
37.438858 -105.803092 2463195178 8ac517dc23 3013 4 dcc0c8762b jpg
37.438858 -105.803092 2463196426 63ebb7cd93 2418 3 f7f34b2c63 jpg
37.438858 -105.803092 2463206274 703c10229e 2224 3 77a3e1a866 jpg
37.434189 -105.148386 27254612 8940422a28 21 1 49 photo
37.560206 -105.701587 279501479 fba12f6c61 115 1 fba12f6c61 jpg
37.434189 -105.148386 27985714 dfba965d07 21 1 11 photo
37.434189 -105.148386 28094140 814ac59fc8 23 1 50 photo
37.434189 -105.148386 28230608 d16a1dc3c4 22 1 41 photo
37.434189 -105.148386 28230609 d97ae642b2 22 1 35 photo
37.658889 -105.213889 32130479 cf11c0305d 23 1 19 photo
37.658889 -105.213889 32130574 e6abeea4b4 22 1 104 photo
37.568611 -105.311667 32130964 7c264cb009 21 1 20 photo
37.568611 -105.311667 32131324 2b1d031395 23 1 78 photo
37.568611 -105.311667 32131364 81a130a715 22 1 20 photo
37.434189 -105.148386 36526856 9047442a30 24 1 11 photo
37.434189 -105.148386 36526859 8390703cd1 26 1 23 photo
37.434189 -105.148386 36526886 21c189f594 25 1 21 photo
37.434189 -105.148386 36526895 758b413bb4 22 1 27 photo
37.434189 -105.148386 36526913 31413d6721 25 1 14 photo
37.434189 -105.148386 36526918 2839de2c03 28 1 9 photo
37.434189 -105.148386 36526942 f511357b0d 24 1 19 photo
37.679184 -105.734648 392597578 2b58b9716b 146 1 211 photo
37.434189 -105.148386 41155577 ff1e8216b8 24 1 13 photo
37.434189 -105.148386 41155595 0ff470547b 24 1 15 photo
37.434189 -105.148386 41155602 a21d52843f 26 1 25 photo
37.434189 -105.148386 41155650 a0bb816c91 24 1 21 photo
37.675124 -105.578614 4354316639 0c82e20074 4065 5 0 photo
37.675124 -105.578614 4354317017 a1a58be767 2709 3 0 photo
37.675124 -105.578614 4354317565 dca113ba4c 2750 3 1 photo
37.675124 -105.578614 4354419789 7abd1fd253 2691 3 1 photo
37.675124 -105.578614 4354588353 f14a96f302 4049 5 2 photo
37.675124 -105.578614 4354592253 23446399a8 2768 3 1 photo
37.675124 -105.578614 4354595885 b42d4a80dc 4037 5 1 photo
37.675124 -105.578614 4354599285 e85f061cb9 4042 5 3 photo
37.675124 -105.578614 4355056668 890de5fe38 2753 3 0 photo
37.675124 -105.578614 4355059842 49aa7a7f81 4019 5 0 photo
37.675124 -105.578614 4355153974 41f0b44af1 4072 5 2 photo
37.675124 -105.578614 4355336228 be81e46a05 4018 5 2 photo
37.675124 -105.578614 4355337358 9a6115364f 4056 5 3 photo
37.675124 -105.578614 4355339586 f1d7ca5e22 4007 5 1 photo
37.675124 -105.578614 4355340986 9954c69df6 2513 3 1 photo
37.675124 -105.578614 4355343272 2334561d50 2796 3 1 photo
37.434189 -105.148386 5724695 75ea9a1a28 6 1 29 photo
37.434189 -105.148386 5724696 7d7a3c9307 3 1 87 photo
37.434189 -105.148386 5724697 c3d49b2004 4 1 71 photo
37.434189 -105.148386 5724713 a3474211ff 3 1 39 photo
37.434189 -105.148386 5724737 3fb2d09e8d 3 1 25 photo
37.434189 -105.148386 5724757 2cfb0d0dfa 3 1 18 photo
37.434189 -105.148386 5724768 22744c1be7 4 1 53 photo
37.434189 -105.148386 5724780 3db73b9645 6 1 40 photo
37.434189 -105.148386 5724789 220682cbf1 4 1 37 photo
37.434189 -105.148386 5724793 a5186b8a28 4 1 51 photo
37.434189 -105.148386 5724798 0dbd28f14b 4 1 14 photo
37.434189 -105.148386 5724799 2836e41efe 6 1 31 photo
37.434189 -105.148386 5724807 1895d051d6 3 1 24 photo
37.434189 -105.148386 5724811 7d141ee055 6 1 45 photo
37.434189 -105.148386 5724817 845393777b 3 1 84 photo
37.434189 -105.148386 5724819 fffb754faf 6 1 31 photo
37.434189 -105.148386 5724824 68e960ea69 4 1 31 photo
37.434189 -105.148386 5724836 3404e2a1b2 3 1 94 photo
37.434189 -105.148386 5724842 db19dbf8e4 3 1 46 photo
37.434189 -105.148386 5724853 f3bf43b167 4 1 24 photo
37.434189 -105.148386 5724869 95143f9c99 4 1 46 photo
37.434189 -105.148386 5724876 73733802d5 4 1 227 photo
37.434189 -105.148386 5724878 232aadfb6a 4 1 37 photo
37.434189 -105.148386 5724880 ab91414f5e 3 1 20 photo
37.589206 -105.202503 6153098851 a44ae0c129 6185 7 2695865be6 jpg
