lat lon id secret server farm org.scrt fmt
37.672167 -23.526333 2875319663 22c129fac1 3134 4 31 photo
37.612333 -23.082 2875320753 78079ea18a 3083 4 15 photo
37.612333 -23.082 2875320983 c762c9b634 3126 4 8 photo
37.612333 -23.082 2875321405 e4501a3c07 3085 4 17 photo
37.672167 -23.526333 2875322889 8bb070da90 3060 4 26 photo
37.672167 -23.526333 2875323103 73393d4d4c 2204 3 26 photo
37.672167 -23.526333 2875323223 fccb3de171 3164 4 39 photo
37.672167 -23.526333 2875323439 4ab530a23c 3095 4 20 photo
37.335667 -23.348167 2875324619 2710c741c4 3028 4 130 photo
37.335667 -23.348167 2875324845 ce3cb3c0b6 3177 4 24 photo
37.335667 -23.348167 2875325459 935f8da2a1 3252 4 72 photo
37.509167 -23.433833 2875332769 a37b13e709 3196 4 44 photo
37.509167 -23.433833 2875332933 b036f6bce7 3090 4 34 photo
37.509167 -23.433833 2875333295 51d5a40b26 3127 4 39 photo
37.612333 -23.082 2876148110 74ca5b059f 2019 3 14 photo
37.706833 -23.382 2876149642 88faa6518b 3147 4 23 photo
37.357333 -23.4715 2876150962 9184595818 3011 4 19 photo
37.335667 -23.348167 2876151326 3a297a1466 2367 3 22 photo
37.335667 -23.348167 2876151476 ec4f73b884 3159 4 53 photo
37.335667 -23.348167 2876152018 78bd03ee28 3062 4 19 photo
37.374167 -23.483833 2876156498 69252a04ab 3231 4 43 photo
37.509167 -23.433833 2876158996 2a70ec9d1b 3288 4 63 photo
37.495333 -23.471667 2876159370 0df9e3566f 3242 4 51 photo
37.509167 -23.433833 2876160406 8d8d8f8937 3076 4 24 photo
