lat lon id secret server farm org.scrt fmt
37.503912 -81.357622 100251192 b87cd9f284 37 1 170 photo
37.503912 -81.357622 100251193 31e9413947 36 1 197 photo
37.532126 -81.37939 101450654 2fa2e716b7 34 1 35 photo
37.532126 -81.37939 102983337 78e3119a0b 40 1 265 photo
37.532126 -81.37939 103205060 04d96c140b 41 1 90 photo
37.532126 -81.37939 103205061 3e0bda2b16 41 1 74 photo
37.532126 -81.37939 106591832 25314f3009 34 1 25 photo
37.532126 -81.37939 107302787 7d331aa8e4 39 1 10 photo
37.532126 -81.37939 108071278 caa19dfd56 43 1 93 photo
37.536733 -81.37879 108071282 8554cdc797 35 1 48 photo
37.532126 -81.37939 108071284 c609c5e7ee 45 1 24 photo
37.532126 -81.37939 108941303 76e7fd4c57 52 1 36 photo
37.532126 -81.37939 111392320 eb7aec5039 42 1 12 photo
37.532126 -81.37939 111392323 5f92687c30 51 1 16 photo
37.532126 -81.37939 111392324 9270afa02a 50 1 9 photo
37.532126 -81.37939 111392325 6debb03246 34 1 20 photo
37.532126 -81.37939 115002154 f72d2a3e09 40 1 23 photo
37.532126 -81.37939 115002155 4a114e1e64 19 1 38 photo
37.532126 -81.37939 116096563 9992d69690 43 1 143 photo
37.503912 -81.357622 116292840 3131946b7e 54 1 66 photo
37.503912 -81.357622 116292841 8c3eaa8bce 40 1 71 photo
37.503912 -81.357622 116294597 a1f040302c 54 1 187 photo
37.532126 -81.37939 117778387 51375048b9 19 1 35 photo
37.532126 -81.37939 120497411 67fba62713 40 1 52 photo
37.532126 -81.37939 126054896 c3973b0f21 45 1 52 photo
37.532126 -81.37939 126091211 86103defc9 52 1 27 photo
37.536733 -81.37879 126879757 682fbccbb6 49 1 114 photo
37.532126 -81.37939 155008539 c4c802fcb7 67 1 34 photo
37.532126 -81.37939 157529038 010cfb28c9 67 1 12 photo
37.536733 -81.37879 158829985 bc144444fc 63 1 148 photo
37.503912 -81.357622 158859806 f3eb5ff451 63 1 33 photo
37.503912 -81.357622 158859865 2fa49b5c0c 71 1 356 photo
37.503912 -81.357622 158860063 7b08174e15 46 1 20 photo
37.503912 -81.357622 158860140 b9e2712643 70 1 45 photo
37.532126 -81.37939 161299113 e01f97867a 63 1 122 photo
37.532126 -81.37939 162009235 d946f61d6f 73 1 44 photo
37.532126 -81.37939 162009554 33b850bee5 68 1 32 photo
37.532126 -81.37939 162037151 50e4a7a641 19 1 76 photo
37.532126 -81.37939 162037186 09ab1e1abe 52 1 19 photo
37.539698 -81.379734 164145246 2b1ab6703c 75 1 668 photo
37.532126 -81.37939 164145544 b3cd3f2a89 68 1 217 photo
37.566491 -81.350551 164145590 4b66484d3b 25 1 36 photo
37.532126 -81.37939 164145731 831df90d22 62 1 29 photo
37.532126 -81.37939 164146023 62acd56be5 70 1 28 photo
37.532126 -81.37939 164146142 8ce393a412 72 1 40 photo
37.566491 -81.350551 164146172 9921ac5143 57 1 110 photo
37.532126 -81.37939 164146248 4ef1336a7f 45 1 29 photo
37.532126 -81.37939 164146667 86770b3cd9 64 1 128 photo
37.532126 -81.37939 164146730 1b35d42b7a 56 1 33 photo
37.532126 -81.37939 164321849 279ab326ac 54 1 24 photo
37.532126 -81.37939 164322103 b998f0a3db 71 1 26 photo
37.532126 -81.37939 164322335 747fd23e9f 63 1 53 photo
37.566491 -81.350551 168315435 aae810af86 62 1 126 photo
37.566491 -81.350551 168315510 36a4f411e2 47 1 31 photo
37.536733 -81.37879 168315744 69fefc1200 77 1 111 photo
37.536733 -81.37879 168315784 13eb513e42 68 1 97 photo
37.566491 -81.350551 168315869 b283a1a27f 60 1 55 photo
37.566491 -81.350551 168316598 f384d0157e 52 1 72 photo
37.566491 -81.350551 168316939 e5958d92bd 46 1 34 photo
37.503912 -81.357622 168636876 78afa81c87 55 1 111 photo
37.413007 -81.524262 175386781 80143970ac 47 1 ec658da86a jpg
37.429853 -81.583796 175392112 20784982e8 47 1 c21574e679 jpg
37.429853 -81.583796 175398743 027398d489 53 1 4bd4becbfa jpg
37.423488 -81.583946 175398744 e398ffbb44 65 1 326b9f4663 jpg
37.432681 -81.584569 175398747 92ef50001f 61 1 f8671f9cdb jpg
37.432681 -81.584569 175398749 d6bda46558 45 1 6e8785b22a jpg
37.432681 -81.584569 175398750 b89476f194 44 1 13857b2f83 jpg
37.437557 -81.589294 175403090 8dda152f8f 48 1 16c932f17f jpg
37.437557 -81.589294 175403092 df39db5838 76 1 001ca80edb jpg
37.437557 -81.589294 175403093 d5353daaaf 59 1 d2d3fd2884 jpg
37.437557 -81.589294 175403094 4f3385068a 58 1 3bd35ec4ff jpg
37.437557 -81.589294 175403096 6f471a9205 60 1 7558cef30f jpg
37.437557 -81.589294 175403097 065577b97b 58 1 21fe90242f jpg
37.437557 -81.589294 175405598 345452cec3 57 1 85388f23e8 jpg
37.435727 -81.586918 175405599 52e8ec723e 45 1 782dba35f4 jpg
37.435727 -81.586918 175405600 79e64b932d 57 1 f59e7ae7fa jpg
37.431961 -81.583625 175405601 97714e06a3 63 1 8b28c75f60 jpg
37.448539 -81.564559 175407103 ecd52d1ae7 52 1 c3511716e6 jpg
37.433648 -81.584955 2248945507 1cf0a48b44 2389 3 fd5f659f69 jpg
37.582107 -81.381279 2325218209 3904d4b10b 3216 4 351 photo
37.636963 -81.4395 2661817925 9f84b9e81f 3242 4 84 photo
37.636963 -81.4395 2661819131 2d4985b9dc 3261 4 137 photo
37.636963 -81.4395 2662641546 ae30b8ae25 3187 4 52 photo
37.427501 -81.861448 2664352007 1587010085 3230 4 64 photo
37.427501 -81.861448 2665178096 52984c6e76 3103 4 71 photo
37.427501 -81.861448 2665178994 d43b31815b 3174 4 74 photo
37.389595 -81.671719 2665857295 8be2eedbeb 3146 4 912 photo
37.389595 -81.671719 2666681102 2dcb7a38bd 3090 4 484 photo
37.378069 -81.643481 2666681206 296874d442 3256 4 314 photo
37.582456 -81.380892 3213609576 9fd7fe2a51 3264 4 276 photo
37.329474 -81.686697 4496919667 32599e97a2 2784 3 21785ce118 jpg
37.292073 -81.697136 4508149023 0cefc01ef9 2156 3 b857380f43 jpg
37.388111 -81.653029 4508149025 f1d611f965 2047 3 b30b7a5174 jpg
37.58354 -81.381171 5335080670 6285531d12 5169 6 60 photo
37.583497 -81.38174 7001331714 14541bb4ca 7053 8 139 photo
37.532126 -81.37939 82728432 0075141f9b 40 1 36 photo
37.566491 -81.350551 83527639 7f5693847f 36 1 207 photo
37.566491 -81.350551 83528800 18dad830d6 40 1 277 photo
37.532126 -81.37939 98400991 15c852f4dc 39 1 98 photo
37.532126 -81.37939 99175618 c2870679d3 24 1 40 photo
