lat lon id secret server farm org.scrt fmt
37.503912 -81.357622 100251192 b87cd9f284 37 1 170 photo
37.503912 -81.357622 100251193 31e9413947 36 1 197 photo
37.532126 -81.37939 101450654 2fa2e716b7 34 1 35 photo
37.532126 -81.37939 102983337 78e3119a0b 40 1 265 photo
37.532126 -81.37939 103205060 04d96c140b 41 1 90 photo
37.532126 -81.37939 103205061 3e0bda2b16 41 1 74 photo
37.532126 -81.37939 106591832 25314f3009 34 1 25 photo
37.532126 -81.37939 107302787 7d331aa8e4 39 1 10 photo
37.532126 -81.37939 108071278 caa19dfd56 43 1 93 photo
37.536733 -81.37879 108071282 8554cdc797 35 1 48 photo
37.532126 -81.37939 108071284 c609c5e7ee 45 1 24 photo
37.532126 -81.37939 108941303 76e7fd4c57 52 1 36 photo
37.532126 -81.37939 111392320 eb7aec5039 42 1 12 photo
37.532126 -81.37939 111392323 5f92687c30 51 1 16 photo
37.532126 -81.37939 111392324 9270afa02a 50 1 9 photo
37.532126 -81.37939 111392325 6debb03246 34 1 20 photo
37.532126 -81.37939 115002154 f72d2a3e09 40 1 23 photo
37.532126 -81.37939 115002155 4a114e1e64 19 1 38 photo
37.532126 -81.37939 116096563 9992d69690 43 1 143 photo
37.503912 -81.357622 116292840 3131946b7e 54 1 66 photo
37.503912 -81.357622 116292841 8c3eaa8bce 40 1 71 photo
37.503912 -81.357622 116294597 a1f040302c 54 1 187 photo
37.532126 -81.37939 117778387 51375048b9 19 1 35 photo
37.532126 -81.37939 120497411 67fba62713 40 1 52 photo
37.532126 -81.37939 126054896 c3973b0f21 45 1 52 photo
37.532126 -81.37939 126091211 86103defc9 52 1 27 photo
37.536733 -81.37879 126879757 682fbccbb6 49 1 114 photo
37.532126 -81.37939 155008539 c4c802fcb7 67 1 34 photo
37.532126 -81.37939 157529038 010cfb28c9 67 1 12 photo
37.503912 -81.357622 158859806 f3eb5ff451 63 1 33 photo
37.503912 -81.357622 158859865 2fa49b5c0c 71 1 356 photo
37.503912 -81.357622 158860063 7b08174e15 46 1 20 photo
37.503912 -81.357622 158860140 b9e2712643 70 1 45 photo
37.433648 -81.584955 2248945507 1cf0a48b44 2389 3 fd5f659f69 jpg
37.582107 -81.381279 2325218209 3904d4b10b 3216 4 351 photo
37.427501 -81.861448 2664352007 1587010085 3230 4 64 photo
37.321744 -81.291489 2665079092 a47de24f77 3089 4 110 photo
37.321744 -81.291489 2665079958 4db0b794dd 3181 4 46 photo
37.321744 -81.291489 2665080774 0fc26d4548 3041 4 53 photo
37.321744 -81.291489 2665081662 917ab8c227 3057 4 60 photo
37.427501 -81.861448 2665178096 52984c6e76 3103 4 71 photo
37.427501 -81.861448 2665178994 d43b31815b 3174 4 74 photo
37.389595 -81.671719 2665857295 8be2eedbeb 3146 4 912 photo
37.324952 -81.312346 2665985462 72f4e28b73 3290 4 25 photo
37.324952 -81.312346 2665985574 d92f4543e8 3183 4 33 photo
37.324952 -81.312346 2665985742 cc06398482 3016 4 24 photo
37.324952 -81.312346 2665985836 ea1fb659f0 3154 4 21 photo
37.389595 -81.671719 2666681102 2dcb7a38bd 3090 4 484 photo
37.378069 -81.643481 2666681206 296874d442 3256 4 314 photo
37.582456 -81.380892 3213609576 9fd7fe2a51 3264 4 276 photo
37.323515 -81.311434 3889673615 97f98ed5d1 3037 4 383 photo
37.329474 -81.686697 4496919667 32599e97a2 2784 3 21785ce118 jpg
37.292073 -81.697136 4508149023 0cefc01ef9 2156 3 b857380f43 jpg
37.388111 -81.653029 4508149025 f1d611f965 2047 3 b30b7a5174 jpg
37.324935 -81.309138 52783761 9f8b7fc970 26 1 22 photo
37.324935 -81.309138 52783770 816e8e9e02 33 1 20 photo
37.324935 -81.309138 52783788 edf58a30c5 31 1 19 photo
37.324935 -81.309138 52783813 19595a751e 32 1 24 photo
37.324935 -81.309138 52783822 8245f721cd 24 1 18 photo
37.324935 -81.309138 52783827 7fffd93bcb 26 1 28 photo
37.324935 -81.309138 52783849 2fbb630ab8 26 1 19 photo
37.324935 -81.309138 52783863 f30009c7da 24 1 31 photo
37.324935 -81.309138 52783876 c166a88e78 27 1 38 photo
37.324935 -81.309138 52783883 79ccd03e86 30 1 16 photo
37.324935 -81.309138 52783897 42ee59c86f 30 1 23 photo
37.324935 -81.309138 52783904 b607fcc9fd 25 1 14 photo
37.324935 -81.309138 52783914 4bd522dd16 24 1 15 photo
37.324935 -81.309138 52783922 cd1d0d2249 29 1 34 photo
37.324935 -81.309138 52783926 f0e6c80773 30 1 15 photo
37.324935 -81.309138 52783956 5bf4b21404 26 1 18 photo
37.324935 -81.309138 52783972 343fd2c34a 24 1 19 photo
37.324935 -81.309138 52784010 16d532f7fd 27 1 18 photo
37.324935 -81.309138 52784037 df01932926 25 1 13 photo
37.324935 -81.309138 52784050 517041b95b 26 1 14 photo
37.324935 -81.309138 52784073 446c21815a 31 1 13 photo
37.324935 -81.309138 52784091 a29cf67853 26 1 12 photo
37.324935 -81.309138 52784124 c7c6cbab9b 30 1 38 photo
37.324935 -81.309138 52784154 cb2543c59e 24 1 21 photo
37.324935 -81.309138 52784176 cb08905a6b 26 1 25 photo
37.324935 -81.309138 52784195 76e8edfb74 26 1 21 photo
37.324935 -81.309138 52784213 77761a74a5 24 1 30 photo
37.324935 -81.309138 52784232 f1adaeb7fa 28 1 14 photo
37.324935 -81.309138 52784241 99214902ad 33 1 14 photo
37.324935 -81.309138 52784263 31117d1dae 26 1 65 photo
37.324935 -81.309138 52784279 39f537d79b 25 1 32 photo
37.324935 -81.309138 52784309 bc2875756d 31 1 28 photo
37.324935 -81.309138 52784317 b650d0a277 28 1 11 photo
37.324935 -81.309138 52784327 c814a2dda6 26 1 15 photo
37.324935 -81.309138 52784347 9d37a32f75 25 1 16 photo
37.324935 -81.309138 52784375 7028ab13da 29 1 38 photo
37.324935 -81.309138 52784404 5d451370ce 31 1 19 photo
37.324935 -81.309138 52784421 408a697ab0 24 1 25 photo
37.324935 -81.309138 52784435 0945699b12 31 1 16 photo
37.58354 -81.381171 5335080670 6285531d12 5169 6 60 photo
37.583497 -81.38174 7001331714 14541bb4ca 7053 8 139 photo
37.532126 -81.37939 82728432 0075141f9b 40 1 36 photo
37.566491 -81.350551 83527639 7f5693847f 36 1 207 photo
37.566491 -81.350551 83528800 18dad830d6 40 1 277 photo
37.532126 -81.37939 98400991 15c852f4dc 39 1 98 photo
37.532126 -81.37939 99175618 c2870679d3 24 1 40 photo
